[gd_scene load_steps=12 format=3 uid="uid://ckf3ipmwutb47"]

[ext_resource type="PackedScene" uid="uid://csqg2v0p2s8yw" path="res://player/rogue_hooded.tscn" id="2_aurua"]
[ext_resource type="PackedScene" uid="uid://dh7eqkenjyvhp" path="res://hideout/hideout.tscn" id="3_uheyo"]
[ext_resource type="PackedScene" uid="uid://dawwbik4sgvk7" path="res://player/barbarian.tscn" id="3_wd3uh"]
[ext_resource type="Material" uid="uid://cuinop16et3w1" path="res://assets/resources/grass_material.tres" id="4_vr2du"]
[ext_resource type="PackedScene" uid="uid://ds52ra1i0aaov" path="res://transition/transition.tscn" id="5_1qjme"]
[ext_resource type="FontFile" uid="uid://dxh1exxrby0bd" path="res://globals/Diablo Heavy.ttf" id="6_kd8a7"]
[ext_resource type="PackedScene" uid="uid://dcbt3cxtuaj55" path="res://player/mage.tscn" id="7_kerki"]
[ext_resource type="PackedScene" uid="uid://ci7p6fwa6jxd" path="res://portal/portal.tscn" id="10_wksuf"]

[sub_resource type="GDScript" id="GDScript_1jutb"]
script/source = "extends Node3D

@onready var transition = $Transition
@onready var score_max = $Score
@onready var deaths = $Deaths

var current_selected_character_name
var selection_area = preload(\"res://player/selection_area.tscn\")

# Called when the node enters the scene tree for the first time. 
func _ready():
	transition.get_node(\"AnimationPlayer\").play(\"fade_in\")
	score_max.text = \"Best Score: \" + str(Global.best_score)
	deaths.text = \"Deaths: \" + str(Global.deaths)
	
	for character in $Characters.get_children():
		var selection_area_ins = selection_area.instantiate()
		character.add_child(selection_area_ins)
		
func character_selected(character_name):
	current_selected_character_name = character_name
	$CharacterLabel.text = current_selected_character_name
	for character in $Characters.get_children():
		character.get_child(character.get_child_count()-1).hide_selection()


func _on_button_pressed():
	if current_selected_character_name:
		transition.get_node(\"AnimationPlayer\").play(\"fade_out\")
		await get_tree().create_timer(1).timeout
		GameManager.set_player_character(current_selected_character_name)
		get_tree().change_scene_to_file(\"res://level/level2/level_2.tscn\")
"

[sub_resource type="PlaneMesh" id="PlaneMesh_o8vr5"]
material = ExtResource("4_vr2du")

[sub_resource type="BoxShape3D" id="BoxShape3D_lknay"]
size = Vector3(2, 2, 0)

[node name="Level1" type="Node3D"]
script = SubResource("GDScript_1jutb")

[node name="Characters" type="Node" parent="."]

[node name="Mage" parent="Characters" instance=ExtResource("7_kerki")]
transform = Transform3D(1, 0, 1.74846e-07, 0, 1, 0, -1.74846e-07, 0, 1, 0, 0, 11)

[node name="Rogue_Hooded" parent="Characters" instance=ExtResource("2_aurua")]
transform = Transform3D(-0.688582, 0, -0.725158, 0, 1, 0, 0.725158, 0, -0.688582, -6.52419, 0, 4.73239)
script = null

[node name="Skeleton3D" parent="Characters/Rogue_Hooded/Rig" index="0"]
bones/0/position = Vector3(0, 4.66707e-05, 0)
bones/0/rotation = Quaternion(-1.06819e-11, -0.000310285, -1.85015e-11, 1)
bones/1/position = Vector3(3.08968e-20, 0.373318, 9.9128e-19)
bones/1/rotation = Quaternion(0.00114827, 0.0426622, 9.03236e-05, 0.999089)
bones/2/rotation = Quaternion(0.00132619, 0.000444125, -5.92685e-05, 0.999999)
bones/3/rotation = Quaternion(0.00049996, 9.76448e-05, -1.5608e-05, 1)
bones/4/rotation = Quaternion(-0.550896, -0.0603989, -0.651211, 0.518449)
bones/5/rotation = Quaternion(2.03316e-08, -6.25343e-08, -0.489826, 0.87182)
bones/7/rotation = Quaternion(-0.317786, -0.333627, 0.139021, 0.876572)
bones/8/rotation = Quaternion(0.00155668, 0.00155667, -0.701368, 0.712796)
bones/10/rotation = Quaternion(-0.610193, 0.0806973, 0.624985, 0.480151)
bones/11/rotation = Quaternion(1.21997e-08, 5.32223e-08, 0.513266, 0.85823)
bones/13/rotation = Quaternion(-0.316657, 0.308378, -0.220907, 0.869386)
bones/14/rotation = Quaternion(0.00446694, 0.00526139, 0.702445, 0.711705)
bones/19/rotation = Quaternion(-5.8061e-11, -0.0313416, -1.88013e-09, 0.999509)
bones/21/position = Vector3(0.170945, 0.113587, -0.000428924)
bones/21/rotation = Quaternion(0.990621, 0.0825367, 0.0770293, 0.0769646)
bones/22/rotation = Quaternion(0.366727, 6.28897e-08, -2.55101e-07, 0.930329)
bones/23/rotation = Quaternion(-0.606645, -0.200083, 0.071189, 0.766082)
bones/24/rotation = Quaternion(-3.00896e-08, 0.919815, -0.392353, 6.94514e-08)
bones/25/position = Vector3(-0.170945, 0.113587, 0.000428952)
bones/25/rotation = Quaternion(0.992164, -0.0321768, 0.0298849, 0.116975)
bones/26/rotation = Quaternion(0.422493, -5.98777e-08, 2.93605e-07, 0.906366)
bones/27/rotation = Quaternion(-0.633977, 0.111632, -0.0209858, 0.764965)
bones/28/rotation = Quaternion(3.04808e-08, 0.920355, -0.391084, -6.94894e-08)
bones/29/position = Vector3(0.170945, 0.293364, 0.576866)
bones/29/rotation = Quaternion(0.707107, -2.29302e-07, -4.60552e-08, 0.707107)
bones/30/position = Vector3(0.20182, 0.0254033, 0.204466)
bones/30/rotation = Quaternion(-0.706364, -7.06015e-08, -7.0454e-08, 0.707849)
bones/31/rotation = Quaternion(9.54712e-09, 1.75913e-09, 0.986047, -0.166466)
bones/32/rotation = Quaternion(-1.04035e-07, 0.391084, 0.920355, -2.9526e-08)
bones/34/rotation = Quaternion(1, 8.81481e-12, 1.94707e-07, 1.10423e-12)
bones/36/position = Vector3(-0.170945, 0.293364, 0.576866)
bones/36/rotation = Quaternion(0.707107, -3.82385e-08, 1.45009e-07, 0.707107)
bones/37/position = Vector3(-0.170945, 0.0261221, 0.243502)
bones/37/rotation = Quaternion(-0.702253, -7.10893e-08, -6.99601e-08, 0.711927)
bones/38/rotation = Quaternion(-5.76853e-09, 6.36406e-10, 0.994929, 0.100582)
bones/39/rotation = Quaternion(-1.04035e-07, 0.391084, 0.920355, -2.95261e-08)
bones/41/rotation = Quaternion(1, 1.01193e-11, 1.9471e-07, -4.41691e-12)
bones/44/position = Vector3(0.520841, 0.76776, -0.0576374)
bones/44/rotation = Quaternion(0.794627, -1.11759e-07, 0.607098, -5.96046e-08)
bones/46/position = Vector3(-0.510844, 0.76776, 0.0597369)
bones/46/rotation = Quaternion(-0.758253, -1.52737e-07, 0.651961, -1.11759e-08)

[node name="Knife_Offhand" parent="Characters/Rogue_Hooded/Rig/Skeleton3D" index="0"]
transform = Transform3D(0.00036793, 0.262347, 0.964973, 0.999742, -0.0219778, 0.00559419, 0.0226759, 0.964723, -0.262288, 0.507259, 0.615354, -0.0184506)

[node name="1H_Crossbow" parent="Characters/Rogue_Hooded/Rig/Skeleton3D" index="1"]
transform = Transform3D(0.986457, -0.16399, 0.00279181, -0.000310415, -0.0188871, -0.999821, 0.164014, 0.986281, -0.0186827, -0.489349, 0.724038, 0.0979222)

[node name="2H_Crossbow" parent="Characters/Rogue_Hooded/Rig/Skeleton3D" index="2"]
transform = Transform3D(0.986457, -0.16399, 0.00279181, -0.000310415, -0.0188871, -0.999821, 0.164014, 0.986281, -0.0186827, -0.489349, 0.724038, 0.0979222)

[node name="Knife" parent="Characters/Rogue_Hooded/Rig/Skeleton3D" index="3"]
transform = Transform3D(-0.00279181, -0.16399, 0.986457, 0.999821, -0.018887, -0.000310391, 0.0186826, 0.986281, 0.164013, -0.490756, 0.619233, 0.106184)

[node name="Throwable" parent="Characters/Rogue_Hooded/Rig/Skeleton3D" index="4"]
transform = Transform3D(-0.00279179, -0.16399, 0.986457, 0.999821, -0.018887, -0.000310407, 0.0186826, 0.986281, 0.164013, -0.520315, 0.615829, 0.283957)

[node name="Rogue_Cape" parent="Characters/Rogue_Hooded/Rig/Skeleton3D" index="5"]
transform = Transform3D(0.99632, 0.000376518, 0.0857077, 0.000132978, 0.999982, -0.00593879, -0.0857084, 0.00592834, 0.996303, 0.000172899, 1.18357, 0.00373447)

[node name="Barbarian" parent="Characters" instance=ExtResource("3_wd3uh")]
transform = Transform3D(0.957637, 0, -0.287979, 0, 1, 0, 0.287979, 0, 0.957637, 0.549507, 0, -0.252919)

[node name="Skeleton3D" parent="Characters/Barbarian/Rig" index="0"]
bones/0/position = Vector3(0, 0.00054945, 0)
bones/0/rotation = Quaternion(-1.06819e-11, -0.000310285, -1.85015e-11, 1)
bones/1/position = Vector3(1.05307e-18, 0.374227, -1.05307e-18)
bones/1/rotation = Quaternion(0.00110891, 0.0426621, 8.86518e-05, 0.999089)
bones/2/rotation = Quaternion(0.00131789, 0.00145746, -0.000139557, 0.999998)
bones/3/rotation = Quaternion(0.00049469, 0.000113668, 6.68642e-05, 1)
bones/4/rotation = Quaternion(-0.550896, -0.0603989, -0.651211, 0.518449)
bones/5/rotation = Quaternion(2.03316e-08, -6.25343e-08, -0.489826, 0.87182)
bones/7/rotation = Quaternion(-0.317786, -0.333627, 0.139021, 0.876572)
bones/8/rotation = Quaternion(0.00155668, 0.00155667, -0.701368, 0.712796)
bones/11/rotation = Quaternion(-0.610193, 0.0806973, 0.624985, 0.480151)
bones/12/rotation = Quaternion(1.21997e-08, 5.32223e-08, 0.513266, 0.85823)
bones/14/rotation = Quaternion(-0.316657, 0.308378, -0.220907, 0.869386)
bones/15/rotation = Quaternion(0.00446694, 0.00526139, 0.702445, 0.711705)
bones/19/rotation = Quaternion(-5.80608e-11, -0.0313417, -1.88012e-09, 0.999509)
bones/22/position = Vector3(0.170945, 0.113587, 0.0011582)
bones/22/rotation = Quaternion(0.990378, 0.082772, 0.0767642, 0.0800486)
bones/23/rotation = Quaternion(0.362511, 6.29777e-08, -2.52143e-07, 0.93198)
bones/24/rotation = Quaternion(-0.605488, -0.200201, 0.0708755, 0.766994)
bones/25/rotation = Quaternion(-3.04832e-08, 0.920355, -0.391084, 6.94783e-08)
bones/26/position = Vector3(-0.170945, 0.113587, -0.00115817)
bones/26/rotation = Quaternion(0.992729, -0.0323362, 0.0297328, 0.112067)
bones/27/rotation = Quaternion(0.416377, -6.00667e-08, 2.89322e-07, 0.909192)
bones/28/rotation = Quaternion(-0.629059, 0.111754, -0.0202759, 0.769016)
bones/29/rotation = Quaternion(3.04807e-08, 0.920355, -0.391084, -6.94914e-08)
bones/30/rotation = Quaternion(0.707107, -2.29302e-07, -4.60552e-08, 0.707107)
bones/31/position = Vector3(0.20182, 0.0297528, 0.20974)
bones/31/rotation = Quaternion(-0.710807, -7.01236e-08, -7.09308e-08, 0.703388)
bones/32/rotation = Quaternion(9.54712e-09, 1.75913e-09, 0.986047, -0.166466)
bones/33/rotation = Quaternion(-1.04035e-07, 0.391084, 0.920355, -2.9526e-08)
bones/35/rotation = Quaternion(1, 8.81481e-12, 1.94707e-07, 1.10423e-12)
bones/37/rotation = Quaternion(0.707107, -3.82385e-08, 1.45009e-07, 0.707107)
bones/38/position = Vector3(-0.170945, 0.0272927, 0.237432)
bones/38/rotation = Quaternion(-0.698976, -7.13945e-08, -6.96457e-08, 0.715145)
bones/39/rotation = Quaternion(-5.76853e-09, 6.36406e-10, 0.994929, 0.100582)
bones/40/rotation = Quaternion(-1.04035e-07, 0.391084, 0.920355, -2.95261e-08)
bones/42/rotation = Quaternion(1, 1.01193e-11, 1.9471e-07, -4.41691e-12)
bones/45/position = Vector3(0.520841, 0.76776, -0.0576374)
bones/45/rotation = Quaternion(0.794627, -1.11759e-07, 0.607098, -5.96046e-08)
bones/47/position = Vector3(-0.510844, 0.76776, 0.0597369)
bones/47/rotation = Quaternion(-0.758253, -1.52737e-07, 0.651961, -1.11759e-08)

[node name="1H_Axe_Offhand" parent="Characters/Barbarian/Rig/Skeleton3D" index="0"]
transform = Transform3D(0.000400664, 0.264333, 0.964431, 0.999744, -0.0218728, 0.00557993, 0.0225701, 0.964183, -0.264274, 0.516089, 0.616042, 0.0126146)

[node name="Barbarian_Round_Shield" parent="Characters/Barbarian/Rig/Skeleton3D" index="1"]
transform = Transform3D(0.000400456, 0.264332, 0.964431, 0.999744, -0.0218753, 0.00558083, 0.0225727, 0.964183, -0.264274, 0.662122, 0.617268, -0.0442954)

[node name="1H_Axe" parent="Characters/Barbarian/Rig/Skeleton3D" index="2"]
transform = Transform3D(-0.00276754, -0.161959, 0.986793, 0.999823, -0.0187857, -0.000279399, 0.0185833, 0.986618, 0.161983, -0.495873, 0.620023, 0.14005)

[node name="2H_Axe" parent="Characters/Barbarian/Rig/Skeleton3D" index="3"]
transform = Transform3D(-0.00276754, -0.161959, 0.986793, 0.999823, -0.0187857, -0.000279399, 0.0185833, 0.986618, 0.161983, -0.495873, 0.620023, 0.14005)

[node name="Mug" parent="Characters/Barbarian/Rig/Skeleton3D" index="4"]
transform = Transform3D(-0.00276754, -0.161959, 0.986793, 0.999823, -0.0187857, -0.000279399, 0.0185833, 0.986618, 0.161983, -0.487114, 0.320429, 0.0861734)

[node name="Barbarian_Hat" parent="Characters/Barbarian/Rig/Skeleton3D" index="5"]
transform = Transform3D(0.999683, 0.000374566, 0.0251747, -0.00022786, 0.999983, -0.00583013, -0.0251765, 0.00582254, 0.999666, 0.000232892, 1.18498, 0.00365241)

[node name="Barbarian_Cape" parent="Characters/Barbarian/Rig/Skeleton3D" index="6"]
transform = Transform3D(0.996142, 0.000374562, 0.0877581, 0.000137864, 0.999983, -0.00583295, -0.0877588, 0.00582254, 0.996125, 0.000230983, 1.18498, 0.00365257)

[node name="DirectionalLight3D" type="DirectionalLight3D" parent="."]
transform = Transform3D(0.998572, 0.0477985, -0.0238551, -0.0170119, 0.707835, 0.706173, 0.0506395, -0.704759, 0.707637, 0.289022, 8.21207, 0)
shadow_enabled = true

[node name="Floor2" type="StaticBody3D" parent="."]

[node name="Floor" type="MeshInstance3D" parent="Floor2"]
transform = Transform3D(30, 0, 0, 0, 30, 0, 0, 0, 30, 0, 0, 0)
mesh = SubResource("PlaneMesh_o8vr5")
skeleton = NodePath("../..")

[node name="CollisionShape3D" type="CollisionShape3D" parent="Floor2"]
transform = Transform3D(30, 0, 0, 0, -1.31134e-06, 30, 0, -30, -1.31134e-06, 0, 0, 0)
shape = SubResource("BoxShape3D_lknay")

[node name="Portal" parent="." instance=ExtResource("10_wksuf")]
transform = Transform3D(1, 0, 0, 0, 1, 0, 0, 0, 1, 6.21744, 0, 16.0452)

[node name="Hideout" parent="." instance=ExtResource("3_uheyo")]
transform = Transform3D(-1, 0, -8.74228e-08, 0, 1, 0, 8.74228e-08, 0, -1, 0, 0, 0)

[node name="Deaths" type="Label" parent="."]
offset_top = 40.0
offset_right = 237.0
offset_bottom = 101.0
theme_override_fonts/font = ExtResource("6_kd8a7")
theme_override_font_sizes/font_size = 50
text = "Deaths:"

[node name="Score" type="Label" parent="."]
offset_right = 526.0
offset_bottom = 61.0
theme_override_fonts/font = ExtResource("6_kd8a7")
theme_override_font_sizes/font_size = 50
text = "Max Score: 10/10"

[node name="Transition" parent="." instance=ExtResource("5_1qjme")]
position = Vector2(1, 0)

[node name="CharacterLabel" type="Label" parent="."]
anchors_preset = 5
anchor_left = 0.5
anchor_right = 0.5
offset_left = -20.0
offset_right = 20.0
offset_bottom = 23.0
grow_horizontal = 2

[node name="Button" type="Button" parent="."]
anchors_preset = 7
anchor_left = 0.5
anchor_top = 1.0
anchor_right = 0.5
anchor_bottom = 1.0
offset_left = -111.0
offset_top = -79.0
offset_right = 114.0
grow_horizontal = 2
grow_vertical = 0
text = "Select"

[connection signal="pressed" from="Button" to="." method="_on_button_pressed"]

[editable path="Characters/Rogue_Hooded"]
[editable path="Characters/Barbarian"]
