[gd_scene load_steps=16 format=3 uid="uid://ckf3ipmwutb47"]

[ext_resource type="PackedScene" uid="uid://csqg2v0p2s8yw" path="res://player/rogue_hooded.tscn" id="2_aurua"]
[ext_resource type="PackedScene" uid="uid://dh7eqkenjyvhp" path="res://hideout/hideout.tscn" id="3_uheyo"]
[ext_resource type="PackedScene" uid="uid://dawwbik4sgvk7" path="res://player/barbarian.tscn" id="3_wd3uh"]
[ext_resource type="Material" uid="uid://cuinop16et3w1" path="res://assets/resources/grass_material.tres" id="4_vr2du"]
[ext_resource type="PackedScene" uid="uid://ds52ra1i0aaov" path="res://transition/transition.tscn" id="5_1qjme"]
[ext_resource type="FontFile" uid="uid://dxh1exxrby0bd" path="res://globals/Diablo Heavy.ttf" id="6_kd8a7"]
[ext_resource type="PackedScene" uid="uid://dcbt3cxtuaj55" path="res://player/mage.tscn" id="7_kerki"]
[ext_resource type="Texture2D" uid="uid://c3ty78dhu6mmv" path="res://assets/panorama/panorama_image.png" id="9_xeoei"]
[ext_resource type="PackedScene" uid="uid://ci7p6fwa6jxd" path="res://portal/portal.tscn" id="10_wksuf"]

[sub_resource type="GDScript" id="GDScript_1jutb"]
script/source = "extends Node3D

@onready var transition = $Transition
@onready var score_max = $Score
@onready var deaths = $Deaths

var current_selected_character_name
var selection_area = preload(\"res://player/selection_area.tscn\")

# Called when the node enters the scene tree for the first time. 
func _ready():
	transition.get_node(\"AnimationPlayer\").play(\"fade_in\")
	score_max.text = \"Best Score: \" + str(Global.best_score)
	deaths.text = \"Deaths: \" + str(Global.deaths)
	
	for character in $Characters.get_children():
		var selection_area_ins = selection_area.instantiate()
		character.add_child(selection_area_ins)
		
func character_selected(character_name):
	current_selected_character_name = character_name
	$CharacterLabel.text = current_selected_character_name
	for character in $Characters.get_children():
		character.get_child(character.get_child_count()-1).hide_selection()


func _on_button_pressed():
	if current_selected_character_name:
		transition.get_node(\"AnimationPlayer\").play(\"fade_out\")
		await get_tree().create_timer(1).timeout
		GameManager.set_player_character(current_selected_character_name)
		get_tree().change_scene_to_file(\"res://level/level2/level_2.tscn\")
"

[sub_resource type="PanoramaSkyMaterial" id="PanoramaSkyMaterial_eycid"]
panorama = ExtResource("9_xeoei")

[sub_resource type="Sky" id="Sky_oax1t"]
sky_material = SubResource("PanoramaSkyMaterial_eycid")

[sub_resource type="Environment" id="Environment_wbfuk"]
background_mode = 2
sky = SubResource("Sky_oax1t")

[sub_resource type="PlaneMesh" id="PlaneMesh_o8vr5"]
material = ExtResource("4_vr2du")

[sub_resource type="BoxShape3D" id="BoxShape3D_lknay"]
size = Vector3(2, 2, 0)

[node name="Level1" type="Node3D"]
script = SubResource("GDScript_1jutb")

[node name="WorldEnvironment" type="WorldEnvironment" parent="."]
environment = SubResource("Environment_wbfuk")

[node name="Characters" type="Node" parent="."]

[node name="Mage" parent="Characters" instance=ExtResource("7_kerki")]
transform = Transform3D(1, 0, 1.74846e-07, 0, 1, 0, -1.74846e-07, 0, 1, 0, 0, 11)

[node name="Rogue_Hooded" parent="Characters" instance=ExtResource("2_aurua")]
transform = Transform3D(-0.688582, 0, -0.725158, 0, 1, 0, 0.725158, 0, -0.688582, -6.52419, 0, 4.73239)
script = null

[node name="Skeleton3D" parent="Characters/Rogue_Hooded/Rig" index="0"]
bones/0/position = Vector3(0, 0.00050875, 0)
bones/0/rotation = Quaternion(-1.06819e-11, -0.000310285, -1.85015e-11, 1)
bones/1/position = Vector3(2.51072e-25, 0.387653, -1.05307e-18)
bones/1/rotation = Quaternion(0.00111774, 0.0426621, 8.90269e-05, 0.999089)
bones/2/rotation = Quaternion(0.00132276, -0.00120574, 7.38954e-05, 0.999998)
bones/3/rotation = Quaternion(0.00050862, 7.10977e-05, -0.00015205, 1)
bones/4/rotation = Quaternion(-0.556099, -0.0628729, -0.653282, 0.509925)
bones/5/rotation = Quaternion(1.83016e-08, -6.22076e-08, -0.479289, 0.877657)
bones/7/rotation = Quaternion(-0.318169, -0.325989, 0.137437, 0.879552)
bones/8/rotation = Quaternion(0.00125391, 0.00125389, -0.702488, 0.711693)
bones/10/rotation = Quaternion(-0.615149, 0.0827829, 0.626298, 0.471688)
bones/11/rotation = Quaternion(1.44688e-08, 5.2741e-08, 0.503218, 0.86416)
bones/13/rotation = Quaternion(-0.316509, 0.300306, -0.219037, 0.872732)
bones/14/rotation = Quaternion(0.00251807, 0.00296591, 0.704487, 0.709706)
bones/19/rotation = Quaternion(-5.8061e-11, -0.0313416, -1.88013e-09, 0.999509)
bones/21/position = Vector3(0.170945, 0.113587, -0.00115296)
bones/21/rotation = Quaternion(0.993288, 0.0822638, 0.0742532, 0.0331299)
bones/22/rotation = Quaternion(0.258548, 6.43254e-08, -1.80487e-07, 0.965999)
bones/23/rotation = Quaternion(-0.543956, -0.205438, 0.0512949, 0.811958)
bones/24/rotation = Quaternion(-3.00626e-08, 0.920298, -0.391218, 6.93705e-08)
bones/25/position = Vector3(-0.170945, 0.113587, 0.00115299)
bones/25/rotation = Quaternion(0.995821, -0.0299223, 0.0308564, 0.0805807)
bones/26/rotation = Quaternion(0.315968, -6.3206e-08, 2.19905e-07, 0.94877)
bones/27/rotation = Quaternion(-0.5822, 0.112848, -0.0123402, 0.805082)
bones/28/rotation = Quaternion(3.04802e-08, 0.920355, -0.391084, -6.94868e-08)
bones/29/position = Vector3(0.170945, 0.292393, 0.575895)
bones/29/rotation = Quaternion(0.707107, -2.29302e-07, -4.60552e-08, 0.707107)
bones/30/position = Vector3(0.20182, 0.0272868, 0.19731)
bones/30/rotation = Quaternion(-0.698991, -7.12773e-08, -6.97677e-08, 0.715131)
bones/31/rotation = Quaternion(9.54712e-09, 1.75913e-09, 0.986047, -0.166466)
bones/32/rotation = Quaternion(-1.04035e-07, 0.391084, 0.920355, -2.9526e-08)
bones/34/rotation = Quaternion(1, 8.81481e-12, 1.94707e-07, 1.10423e-12)
bones/36/position = Vector3(-0.170945, 0.292393, 0.575895)
bones/36/rotation = Quaternion(0.707107, -3.82385e-08, 1.45009e-07, 0.707107)
bones/37/position = Vector3(-0.170945, 0.0297353, 0.249874)
bones/37/rotation = Quaternion(-0.710681, -7.02387e-08, -7.08344e-08, 0.703515)
bones/38/rotation = Quaternion(-5.76853e-09, 6.36406e-10, 0.994929, 0.100582)
bones/39/rotation = Quaternion(-1.04035e-07, 0.391084, 0.920355, -2.95261e-08)
bones/41/rotation = Quaternion(1, 1.01193e-11, 1.9471e-07, -4.41691e-12)
bones/44/position = Vector3(0.520841, 0.777183, -0.0576374)
bones/44/rotation = Quaternion(0.794627, -1.11759e-07, 0.607098, -5.96046e-08)
bones/46/position = Vector3(-0.510844, 0.777183, 0.0597369)
bones/46/rotation = Quaternion(-0.758253, -1.52737e-07, 0.651961, -1.11759e-08)

[node name="Knife_Offhand" parent="Characters/Rogue_Hooded/Rig/Skeleton3D" index="0"]
transform = Transform3D(0.000345133, 0.259167, 0.965832, 0.999811, -0.0187925, 0.00468593, 0.019365, 0.965649, -0.259125, 0.507497, 0.625956, -0.0173633)

[node name="1H_Crossbow" parent="Characters/Rogue_Hooded/Rig/Skeleton3D" index="1"]
transform = Transform3D(0.986889, -0.161389, 0.00141533, -0.000712547, -0.013124, -0.999913, 0.161393, 0.986803, -0.0130673, -0.490084, 0.734508, 0.095061)

[node name="2H_Crossbow" parent="Characters/Rogue_Hooded/Rig/Skeleton3D" index="2"]
transform = Transform3D(0.986889, -0.161389, 0.00141533, -0.000712547, -0.013124, -0.999913, 0.161393, 0.986803, -0.0130673, -0.490084, 0.734508, 0.095061)

[node name="Knife" parent="Characters/Rogue_Hooded/Rig/Skeleton3D" index="3"]
transform = Transform3D(-0.00141532, -0.161388, 0.986889, 0.999913, -0.0131239, -0.000712524, 0.0130672, 0.986803, 0.161393, -0.491608, 0.629753, 0.103916)

[node name="Throwable" parent="Characters/Rogue_Hooded/Rig/Skeleton3D" index="4"]
transform = Transform3D(-0.0014153, -0.161389, 0.986889, 0.999913, -0.0131238, -0.00071254, 0.0130672, 0.986803, 0.161393, -0.520698, 0.627387, 0.281783)

[node name="Rogue_Cape" parent="Characters/Rogue_Hooded/Rig/Skeleton3D" index="5"]
transform = Transform3D(0.996602, 0.000376303, 0.082367, 0.000109164, 0.999983, -0.00588937, -0.0823678, 0.00587835, 0.996585, 7.14947e-05, 1.19836, 0.00369364)

[node name="Barbarian" parent="Characters" instance=ExtResource("3_wd3uh")]
transform = Transform3D(0.957637, 0, -0.287979, 0, 1, 0, 0.287979, 0, 0.957637, 0.549507, 0, -0.252919)

[node name="Skeleton3D" parent="Characters/Barbarian/Rig" index="0"]
bones/0/position = Vector3(0, 0.00054945, 0)
bones/0/rotation = Quaternion(-1.06819e-11, -0.000310285, -1.85015e-11, 1)
bones/1/position = Vector3(1.05307e-18, 0.387659, -1.05307e-18)
bones/1/rotation = Quaternion(0.00110891, 0.0426621, 8.86518e-05, 0.999089)
bones/2/rotation = Quaternion(0.00131789, 0.00145746, -0.000139557, 0.999998)
bones/3/rotation = Quaternion(0.00049469, 0.000113668, 6.68642e-05, 1)
bones/4/rotation = Quaternion(-0.556099, -0.0628729, -0.653282, 0.509925)
bones/5/rotation = Quaternion(1.83016e-08, -6.22076e-08, -0.479289, 0.877657)
bones/7/rotation = Quaternion(-0.318169, -0.325989, 0.137437, 0.879552)
bones/8/rotation = Quaternion(0.00125391, 0.00125389, -0.702488, 0.711693)
bones/11/rotation = Quaternion(-0.615149, 0.0827829, 0.626298, 0.471688)
bones/12/rotation = Quaternion(1.44688e-08, 5.2741e-08, 0.503218, 0.86416)
bones/14/rotation = Quaternion(-0.316509, 0.300306, -0.219037, 0.872732)
bones/15/rotation = Quaternion(0.00251807, 0.00296591, 0.704487, 0.709706)
bones/19/rotation = Quaternion(-5.80608e-11, -0.0313417, -1.88012e-09, 0.999509)
bones/22/position = Vector3(0.170945, 0.113587, 0.0011582)
bones/22/rotation = Quaternion(0.993131, 0.082586, 0.0738678, 0.0376025)
bones/23/rotation = Quaternion(0.251052, 6.44468e-08, -1.75246e-07, 0.967974)
bones/24/rotation = Quaternion(-0.547407, -0.205246, 0.0521652, 0.809628)
bones/25/rotation = Quaternion(-3.04832e-08, 0.920355, -0.391084, 6.94783e-08)
bones/26/position = Vector3(-0.170945, 0.113587, -0.00115817)
bones/26/rotation = Quaternion(0.996215, -0.0300672, 0.0307248, 0.0755537)
bones/27/rotation = Quaternion(0.322196, -6.30474e-08, 2.24217e-07, 0.946673)
bones/28/rotation = Quaternion(-0.578289, 0.112935, -0.0117927, 0.807891)
bones/29/rotation = Quaternion(3.04807e-08, 0.920355, -0.391084, -6.94914e-08)
bones/30/rotation = Quaternion(0.707107, -2.29302e-07, -4.60552e-08, 0.707107)
bones/31/position = Vector3(0.20182, 0.0297528, 0.20974)
bones/31/rotation = Quaternion(-0.710807, -7.01236e-08, -7.09308e-08, 0.703388)
bones/32/rotation = Quaternion(9.54712e-09, 1.75913e-09, 0.986047, -0.166466)
bones/33/rotation = Quaternion(-1.04035e-07, 0.391084, 0.920355, -2.9526e-08)
bones/35/rotation = Quaternion(1, 8.81481e-12, 1.94707e-07, 1.10423e-12)
bones/37/rotation = Quaternion(0.707107, -3.82385e-08, 1.45009e-07, 0.707107)
bones/38/position = Vector3(-0.170945, 0.0272927, 0.237432)
bones/38/rotation = Quaternion(-0.698976, -7.13945e-08, -6.96457e-08, 0.715145)
bones/39/rotation = Quaternion(-5.76853e-09, 6.36406e-10, 0.994929, 0.100582)
bones/40/rotation = Quaternion(-1.04035e-07, 0.391084, 0.920355, -2.95261e-08)
bones/42/rotation = Quaternion(1, 1.01193e-11, 1.9471e-07, -4.41691e-12)
bones/45/position = Vector3(0.520841, 0.777183, -0.0576374)
bones/45/rotation = Quaternion(0.794627, -1.11759e-07, 0.607098, -5.96046e-08)
bones/47/position = Vector3(-0.510844, 0.777183, 0.0597369)
bones/47/rotation = Quaternion(-0.758253, -1.52737e-07, 0.651961, -1.11759e-08)

[node name="1H_Axe_Offhand" parent="Characters/Barbarian/Rig/Skeleton3D" index="0"]
transform = Transform3D(0.000416421, 0.264389, 0.964415, 0.999813, -0.0187319, 0.00470394, 0.0193092, 0.964234, -0.264347, 0.516367, 0.625394, 0.0120139)

[node name="Barbarian_Round_Shield" parent="Characters/Barbarian/Rig/Skeleton3D" index="1"]
transform = Transform3D(0.000416214, 0.264388, 0.964415, 0.999812, -0.0187344, 0.00470484, 0.0193118, 0.964234, -0.264347, 0.662396, 0.626433, -0.0449082)

[node name="1H_Axe" parent="Characters/Barbarian/Rig/Skeleton3D" index="2"]
transform = Transform3D(-0.00137809, -0.156046, 0.987748, 0.999913, -0.0130761, -0.000670996, 0.013021, 0.987663, 0.156051, -0.496078, 0.629353, 0.139477)

[node name="2H_Axe" parent="Characters/Barbarian/Rig/Skeleton3D" index="3"]
transform = Transform3D(-0.00137809, -0.156046, 0.987748, 0.999913, -0.0130761, -0.000670996, 0.013021, 0.987663, 0.156051, -0.496078, 0.629353, 0.139477)

[node name="Mug" parent="Characters/Barbarian/Rig/Skeleton3D" index="4"]
transform = Transform3D(-0.00137809, -0.156046, 0.987748, 0.999913, -0.0130761, -0.000670996, 0.013021, 0.987663, 0.156051, -0.488026, 0.329453, 0.0872215)

[node name="Barbarian_Hat" parent="Characters/Barbarian/Rig/Skeleton3D" index="5"]
transform = Transform3D(0.999683, 0.000374566, 0.0251747, -0.00022786, 0.999983, -0.00583013, -0.0251765, 0.00582254, 0.999666, 0.000232892, 1.19841, 0.00365241)

[node name="Barbarian_Cape" parent="Characters/Barbarian/Rig/Skeleton3D" index="6"]
transform = Transform3D(0.996142, 0.000374562, 0.0877581, 0.000137864, 0.999983, -0.00583295, -0.0877588, 0.00582254, 0.996125, 0.000230983, 1.19841, 0.00365257)

[node name="DirectionalLight3D" type="DirectionalLight3D" parent="."]
transform = Transform3D(0.998572, 0.0477985, -0.0238551, -0.0170119, 0.707835, 0.706173, 0.0506395, -0.704759, 0.707637, 0.289022, 8.21207, 0)
shadow_enabled = true

[node name="Floor2" type="StaticBody3D" parent="."]

[node name="Floor" type="MeshInstance3D" parent="Floor2"]
transform = Transform3D(30, 0, 0, 0, 30, 0, 0, 0, 30, 0, 0, 0)
visible = false
mesh = SubResource("PlaneMesh_o8vr5")
skeleton = NodePath("../..")

[node name="CollisionShape3D" type="CollisionShape3D" parent="Floor2"]
transform = Transform3D(30, 0, 0, 0, -1.31134e-06, 30, 0, -30, -1.31134e-06, 0, 0, 0)
shape = SubResource("BoxShape3D_lknay")

[node name="Portal" parent="." instance=ExtResource("10_wksuf")]
transform = Transform3D(1, 0, 0, 0, 1, 0, 0, 0, 1, 6.21744, 0, 16.0452)

[node name="Hideout" parent="." instance=ExtResource("3_uheyo")]
transform = Transform3D(-1, 0, -8.74228e-08, 0, 1, 0, 8.74228e-08, 0, -1, 0, 0, 0)

[node name="Deaths" type="Label" parent="."]
offset_top = 40.0
offset_right = 237.0
offset_bottom = 101.0
theme_override_fonts/font = ExtResource("6_kd8a7")
theme_override_font_sizes/font_size = 50
text = "Deaths:"

[node name="Score" type="Label" parent="."]
offset_right = 526.0
offset_bottom = 61.0
theme_override_fonts/font = ExtResource("6_kd8a7")
theme_override_font_sizes/font_size = 50
text = "Max Score: 10/10"

[node name="Transition" parent="." instance=ExtResource("5_1qjme")]
position = Vector2(1, 0)

[node name="CharacterLabel" type="Label" parent="."]
anchors_preset = 5
anchor_left = 0.5
anchor_right = 0.5
offset_left = -20.0
offset_right = 20.0
offset_bottom = 23.0
grow_horizontal = 2

[node name="Button" type="Button" parent="."]
anchors_preset = 7
anchor_left = 0.5
anchor_top = 1.0
anchor_right = 0.5
anchor_bottom = 1.0
offset_left = -111.0
offset_top = -79.0
offset_right = 114.0
grow_horizontal = 2
grow_vertical = 0
text = "Select"

[connection signal="pressed" from="Button" to="." method="_on_button_pressed"]

[editable path="Characters/Rogue_Hooded"]
[editable path="Characters/Barbarian"]
