[gd_scene load_steps=16 format=3 uid="uid://ckf3ipmwutb47"]

[ext_resource type="PackedScene" uid="uid://csqg2v0p2s8yw" path="res://player/rogue/rogue_hooded.tscn" id="2_aurua"]
[ext_resource type="PackedScene" uid="uid://dh7eqkenjyvhp" path="res://hideout/hideout.tscn" id="3_uheyo"]
[ext_resource type="PackedScene" uid="uid://dawwbik4sgvk7" path="res://player/barbarian/barbarian.tscn" id="3_wd3uh"]
[ext_resource type="Material" uid="uid://cuinop16et3w1" path="res://assets/resources/grass_material.tres" id="4_vr2du"]
[ext_resource type="PackedScene" uid="uid://ds52ra1i0aaov" path="res://transition/transition.tscn" id="5_1qjme"]
[ext_resource type="PackedScene" uid="uid://dcbt3cxtuaj55" path="res://player/mage/mage.tscn" id="7_kerki"]
[ext_resource type="FontFile" uid="uid://dxh1exxrby0bd" path="res://addons/editor-plugin/fonts/Diablo Heavy.ttf" id="8_f8y4w"]
[ext_resource type="Texture2D" uid="uid://c3ty78dhu6mmv" path="res://assets/panorama/panorama_image.png" id="9_xeoei"]
[ext_resource type="PackedScene" uid="uid://ci7p6fwa6jxd" path="res://portal/portal.tscn" id="10_wksuf"]

[sub_resource type="GDScript" id="GDScript_1jutb"]
script/source = "extends Node3D

@onready var transition = $Transition
@onready var score_max = $Score
@onready var deaths = $Deaths

var current_selected_character_name
var selection_area = preload(\"res://player/selection_area.tscn\")

# Called when the node enters the scene tree for the first time. 
func _ready():
	transition.get_node(\"AnimationPlayer\").play(\"fade_in\")
	score_max.text = \"Best Score: \" + str(Global.best_score)
	deaths.text = \"Deaths: \" + str(Global.deaths)
	
	for character in $Characters.get_children():
		var selection_area_ins = selection_area.instantiate()
		character.add_child(selection_area_ins)
		
func character_selected(character_name):
	current_selected_character_name = character_name
	$CharacterLabel.text = current_selected_character_name
	for character in $Characters.get_children():
		print(\"Get child count of \", $CharacterLabel.text, \" and it has \", character.get_child_count()-1, \" Childs\")
		character.get_node(\"SelectionPath\").hide_selection()
		#character.get_child(character.get_child_count()-1).hide_selection()


func _on_button_pressed():
	if current_selected_character_name:
		transition.get_node(\"AnimationPlayer\").play(\"fade_out\")
		await get_tree().create_timer(1).timeout
		GameManager.set_player_character(current_selected_character_name)
		get_tree().change_scene_to_file(\"res://level/level2/level_2.tscn\")
"

[sub_resource type="PanoramaSkyMaterial" id="PanoramaSkyMaterial_eycid"]
panorama = ExtResource("9_xeoei")

[sub_resource type="Sky" id="Sky_oax1t"]
sky_material = SubResource("PanoramaSkyMaterial_eycid")

[sub_resource type="Environment" id="Environment_wbfuk"]
background_mode = 2
sky = SubResource("Sky_oax1t")

[sub_resource type="PlaneMesh" id="PlaneMesh_o8vr5"]
material = ExtResource("4_vr2du")

[sub_resource type="BoxShape3D" id="BoxShape3D_lknay"]
size = Vector3(2, 2, 0)

[node name="Level1" type="Node3D"]
script = SubResource("GDScript_1jutb")

[node name="WorldEnvironment" type="WorldEnvironment" parent="."]
environment = SubResource("Environment_wbfuk")

[node name="Characters" type="Node" parent="."]

[node name="Mage" parent="Characters" instance=ExtResource("7_kerki")]
transform = Transform3D(1, 0, 1.74846e-07, 0, 1, 0, -1.74846e-07, 0, 1, 0, 0, 11)

[node name="Rogue_Hooded" parent="Characters" instance=ExtResource("2_aurua")]
transform = Transform3D(-0.688582, 0, -0.725158, 0, 1, 0, 0.725158, 0, -0.688582, -6.52419, 0, 4.73239)
script = null

[node name="Skeleton3D" parent="Characters/Rogue_Hooded/Rig" index="0"]
bones/0/position = Vector3(0, 0.000381887, 0)
bones/0/rotation = Quaternion(-1.06819e-11, -0.000310285, -1.85015e-11, 1)
bones/1/position = Vector3(9.99664e-20, 0.391572, 2.38338e-26)
bones/1/rotation = Quaternion(0.00111233, 0.0426621, 8.87971e-05, 0.999089)
bones/2/rotation = Quaternion(0.00132446, -0.00101004, 5.86202e-05, 0.999999)
bones/3/rotation = Quaternion(0.000507632, 7.4141e-05, -0.000136421, 1)
bones/4/rotation = Quaternion(-0.559147, -0.0613288, -0.646034, 0.515977)
bones/5/rotation = Quaternion(2.16588e-08, -4.18437e-08, -0.491273, 0.871006)
bones/7/rotation = Quaternion(-0.320416, -0.32536, 0.143919, 0.877931)
bones/8/rotation = Quaternion(0.000290706, 0.000290676, -0.706039, 0.708173)
bones/10/rotation = Quaternion(-0.61764, 0.0811844, 0.619838, 0.477212)
bones/11/rotation = Quaternion(2.39886e-08, 5.17852e-08, 0.514648, 0.857402)
bones/13/rotation = Quaternion(-0.318665, 0.300367, -0.225534, 0.870268)
bones/14/rotation = Quaternion(0.000543714, 0.000640412, 0.706543, 0.70767)
bones/19/rotation = Quaternion(-5.8061e-11, -0.0313416, -1.88013e-09, 0.999509)
bones/21/position = Vector3(0.170945, 0.113587, -0.000740168)
bones/21/rotation = Quaternion(0.993782, 0.0826299, 0.0729624, 0.0156944)
bones/22/rotation = Quaternion(0.213244, 6.43183e-08, -1.40029e-07, 0.976999)
bones/23/rotation = Quaternion(-0.520571, -0.206889, 0.0443007, 0.827188)
bones/24/rotation = Quaternion(-3.04812e-08, 0.920355, -0.391084, 6.94873e-08)
bones/25/position = Vector3(-0.170945, 0.113587, 0.000740196)
bones/25/rotation = Quaternion(0.996932, -0.0292018, 0.0311792, 0.0655814)
bones/26/rotation = Quaternion(0.281475, -6.40662e-08, 1.9511e-07, 0.959568)
bones/27/rotation = Quaternion(-0.563393, 0.113131, -0.00935282, 0.818353)
bones/28/rotation = Quaternion(3.04799e-08, 0.920355, -0.391084, -6.94856e-08)
bones/29/position = Vector3(0.170945, 0.292653, 0.576155)
bones/29/rotation = Quaternion(0.707107, -2.29302e-07, -4.60552e-08, 0.707107)
bones/30/position = Vector3(0.20182, 0.0271152, 0.197975)
bones/30/rotation = Quaternion(-0.699219, -7.12347e-08, -6.98188e-08, 0.714907)
bones/31/rotation = Quaternion(9.54712e-09, 1.75913e-09, 0.986047, -0.166466)
bones/32/rotation = Quaternion(-1.04035e-07, 0.391084, 0.920355, -2.9526e-08)
bones/34/rotation = Quaternion(1, 8.81481e-12, 1.94707e-07, 1.10423e-12)
bones/36/position = Vector3(-0.170945, 0.292653, 0.576155)
bones/36/rotation = Quaternion(0.707107, -3.82385e-08, 1.45009e-07, 0.707107)
bones/37/position = Vector3(-0.170945, 0.0280109, 0.248665)
bones/37/rotation = Quaternion(-0.709126, -7.03576e-08, -7.06971e-08, 0.705082)
bones/38/rotation = Quaternion(-5.76853e-09, 6.36406e-10, 0.994929, 0.100582)
bones/39/rotation = Quaternion(-1.04035e-07, 0.391084, 0.920355, -2.95261e-08)
bones/41/rotation = Quaternion(1, 1.01193e-11, 1.9471e-07, -4.41691e-12)
bones/44/position = Vector3(0.520841, 0.786024, -0.0576374)
bones/44/rotation = Quaternion(0.794627, -1.11759e-07, 0.607098, -5.96046e-08)
bones/46/position = Vector3(-0.510844, 0.786024, 0.0597369)
bones/46/rotation = Quaternion(-0.758253, -1.52737e-07, 0.651961, -1.11759e-08)

[node name="Knife_Offhand" parent="Characters/Rogue_Hooded/Rig/Skeleton3D" index="0"]
transform = Transform3D(0.000367147, 0.259499, 0.965742, 0.999958, -0.00878339, 0.00198032, 0.00899669, 0.965703, -0.259492, 0.507655, 0.634967, -0.016661)

[node name="1H_Crossbow" parent="Characters/Rogue_Hooded/Rig/Skeleton3D" index="1"]
transform = Transform3D(0.987915, -0.154994, 5.52196e-06, -0.00114533, -0.00733371, -0.999972, 0.15499, 0.987888, -0.00742284, -0.489954, 0.743613, 0.0955472)

[node name="2H_Crossbow" parent="Characters/Rogue_Hooded/Rig/Skeleton3D" index="2"]
transform = Transform3D(0.987915, -0.154994, 5.52196e-06, -0.00114533, -0.00733371, -0.999972, 0.15499, 0.987888, -0.00742284, -0.489954, 0.743613, 0.0955472)

[node name="Knife" parent="Characters/Rogue_Hooded/Rig/Skeleton3D" index="3"]
transform = Transform3D(-5.51701e-06, -0.154994, 0.987915, 0.999972, -0.00733356, -0.00114531, 0.00742269, 0.987888, 0.15499, -0.491558, 0.638912, 0.105004)

[node name="Throwable" parent="Characters/Rogue_Hooded/Rig/Skeleton3D" index="4"]
transform = Transform3D(-5.50121e-06, -0.154994, 0.987915, 0.999972, -0.00733355, -0.00114532, 0.00742268, 0.987888, 0.15499, -0.519496, 0.63759, 0.283066)

[node name="Rogue_Cape" parent="Characters/Rogue_Hooded/Rig/Skeleton3D" index="5"]
transform = Transform3D(0.996569, 0.000376629, 0.082763, 0.000110389, 0.999983, -0.00587983, -0.0827638, 0.0058688, 0.996552, 8.32933e-05, 1.20216, 0.00368548)

[node name="Barbarian" parent="Characters" instance=ExtResource("3_wd3uh")]
transform = Transform3D(0.957637, 0, -0.287979, 0, 1, 0, 0.287979, 0, 0.957637, 0.549507, 0, -0.252919)

[node name="Skeleton3D" parent="Characters/Barbarian/Rig" index="0"]
bones/0/position = Vector3(0, 0.00054945, 0)
bones/0/rotation = Quaternion(-1.06819e-11, -0.000310285, -1.85015e-11, 1)
bones/1/position = Vector3(1.05307e-18, 0.391662, -1.05307e-18)
bones/1/rotation = Quaternion(0.00110891, 0.0426621, 8.86518e-05, 0.999089)
bones/2/rotation = Quaternion(0.00131789, 0.00145746, -0.000139557, 0.999998)
bones/3/rotation = Quaternion(0.00049469, 0.000113668, 6.68642e-05, 1)
bones/4/rotation = Quaternion(-0.559147, -0.0613288, -0.646034, 0.515977)
bones/5/rotation = Quaternion(2.16588e-08, -4.18437e-08, -0.491273, 0.871006)
bones/7/rotation = Quaternion(-0.320416, -0.32536, 0.143919, 0.877931)
bones/8/rotation = Quaternion(0.000290706, 0.000290676, -0.706039, 0.708173)
bones/11/rotation = Quaternion(-0.61764, 0.0811844, 0.619838, 0.477212)
bones/12/rotation = Quaternion(2.39886e-08, 5.17852e-08, 0.514648, 0.857402)
bones/14/rotation = Quaternion(-0.318665, 0.300367, -0.225534, 0.870268)
bones/15/rotation = Quaternion(0.000543714, 0.000640412, 0.706543, 0.70767)
bones/19/rotation = Quaternion(-5.80608e-11, -0.0313417, -1.88012e-09, 0.999509)
bones/22/position = Vector3(0.170945, 0.113587, 0.0011582)
bones/22/rotation = Quaternion(0.993709, 0.0829254, 0.0725999, 0.0198877)
bones/23/rotation = Quaternion(0.204917, 6.45122e-08, -1.34241e-07, 0.978779)
bones/24/rotation = Quaternion(-0.523433, -0.206763, 0.045015, 0.825373)
bones/25/rotation = Quaternion(-3.04832e-08, 0.920355, -0.391084, 6.94783e-08)
bones/26/position = Vector3(-0.170945, 0.113587, -0.00115817)
bones/26/rotation = Quaternion(0.997175, -0.0293084, 0.0310837, 0.0617886)
bones/27/rotation = Quaternion(0.286816, -6.39573e-08, 1.98806e-07, 0.957986)
bones/28/rotation = Quaternion(-0.559365, 0.113201, -0.00879961, 0.821108)
bones/29/rotation = Quaternion(3.04807e-08, 0.920355, -0.391084, -6.94914e-08)
bones/30/rotation = Quaternion(0.707107, -2.29302e-07, -4.60552e-08, 0.707107)
bones/31/position = Vector3(0.20182, 0.0297528, 0.20974)
bones/31/rotation = Quaternion(-0.710807, -7.01236e-08, -7.09308e-08, 0.703388)
bones/32/rotation = Quaternion(9.54712e-09, 1.75913e-09, 0.986047, -0.166466)
bones/33/rotation = Quaternion(-1.04035e-07, 0.391084, 0.920355, -2.9526e-08)
bones/35/rotation = Quaternion(1, 8.81481e-12, 1.94707e-07, 1.10423e-12)
bones/37/rotation = Quaternion(0.707107, -3.82385e-08, 1.45009e-07, 0.707107)
bones/38/position = Vector3(-0.170945, 0.0272927, 0.237432)
bones/38/rotation = Quaternion(-0.698976, -7.13945e-08, -6.96457e-08, 0.715145)
bones/39/rotation = Quaternion(-5.76853e-09, 6.36406e-10, 0.994929, 0.100582)
bones/40/rotation = Quaternion(-1.04035e-07, 0.391084, 0.920355, -2.95261e-08)
bones/42/rotation = Quaternion(1, 1.01193e-11, 1.9471e-07, -4.41691e-12)
bones/45/position = Vector3(0.520841, 0.786024, -0.0576374)
bones/45/rotation = Quaternion(0.794627, -1.11759e-07, 0.607098, -5.96046e-08)
bones/47/position = Vector3(-0.510844, 0.786024, 0.0597369)
bones/47/rotation = Quaternion(-0.758253, -1.52737e-07, 0.651961, -1.11759e-08)

[node name="1H_Axe_Offhand" parent="Characters/Barbarian/Rig/Skeleton3D" index="0"]
transform = Transform3D(0.00038094, 0.264337, 0.964429, 0.999959, -0.00873222, 0.00199886, 0.00895039, 0.96439, -0.26433, 0.516523, 0.634948, 0.0129249)

[node name="Barbarian_Round_Shield" parent="Characters/Barbarian/Rig/Skeleton3D" index="1"]
transform = Transform3D(0.000380733, 0.264337, 0.964429, 0.999959, -0.00873474, 0.00199976, 0.00895306, 0.96439, -0.26433, 0.662555, 0.635402, -0.0439972)

[node name="1H_Axe" parent="Characters/Barbarian/Rig/Skeleton3D" index="2"]
transform = Transform3D(2.20292e-07, -0.150039, 0.988679, 0.999972, -0.00729446, -0.00110757, 0.00737836, 0.988652, 0.150035, -0.495877, 0.638915, 0.140405)

[node name="2H_Axe" parent="Characters/Barbarian/Rig/Skeleton3D" index="3"]
transform = Transform3D(2.20292e-07, -0.150039, 0.988679, 0.999972, -0.00729446, -0.00110757, 0.00737836, 0.988652, 0.150035, -0.495877, 0.638915, 0.140405)

[node name="Mug" parent="Characters/Barbarian/Rig/Skeleton3D" index="4"]
transform = Transform3D(2.20292e-07, -0.150039, 0.988679, 0.999972, -0.00729446, -0.00110757, 0.00737836, 0.988652, 0.150035, -0.488533, 0.338715, 0.0897971)

[node name="Barbarian_Hat" parent="Characters/Barbarian/Rig/Skeleton3D" index="5"]
transform = Transform3D(0.999683, 0.000374566, 0.0251747, -0.00022786, 0.999983, -0.00583013, -0.0251765, 0.00582254, 0.999666, 0.000232892, 1.20241, 0.00365241)

[node name="Barbarian_Cape" parent="Characters/Barbarian/Rig/Skeleton3D" index="6"]
transform = Transform3D(0.996142, 0.000374562, 0.0877581, 0.000137864, 0.999983, -0.00583295, -0.0877588, 0.00582254, 0.996125, 0.000230983, 1.20241, 0.00365257)

[node name="DirectionalLight3D" type="DirectionalLight3D" parent="."]
transform = Transform3D(0.998572, 0.0477985, -0.0238551, -0.0170119, 0.707835, 0.706173, 0.0506395, -0.704759, 0.707637, 0.289022, 8.21207, 0)
shadow_enabled = true

[node name="Floor2" type="StaticBody3D" parent="."]

[node name="Floor" type="MeshInstance3D" parent="Floor2"]
transform = Transform3D(30, 0, 0, 0, 30, 0, 0, 0, 30, 0, 0, 0)
visible = false
mesh = SubResource("PlaneMesh_o8vr5")
skeleton = NodePath("../..")

[node name="CollisionShape3D" type="CollisionShape3D" parent="Floor2"]
transform = Transform3D(30, 0, 0, 0, -1.31134e-06, 30, 0, -30, -1.31134e-06, 0, 0, 0)
shape = SubResource("BoxShape3D_lknay")

[node name="Portal" parent="." instance=ExtResource("10_wksuf")]
transform = Transform3D(1, 0, 0, 0, 1, 0, 0, 0, 1, 6.21744, 0, 16.0452)

[node name="Hideout" parent="." instance=ExtResource("3_uheyo")]
transform = Transform3D(-1, 0, -8.74228e-08, 0, 1, 0, 8.74228e-08, 0, -1, 0, 0, 0)

[node name="Deaths" type="Label" parent="."]
offset_top = 40.0
offset_right = 237.0
offset_bottom = 101.0
theme_override_fonts/font = ExtResource("8_f8y4w")
theme_override_font_sizes/font_size = 50
text = "Deaths:"

[node name="Score" type="Label" parent="."]
offset_right = 526.0
offset_bottom = 61.0
theme_override_fonts/font = ExtResource("8_f8y4w")
theme_override_font_sizes/font_size = 50
text = "Max Score: 10/10"

[node name="Transition" parent="." instance=ExtResource("5_1qjme")]
position = Vector2(1, 0)

[node name="CharacterLabel" type="Label" parent="."]
anchors_preset = 5
anchor_left = 0.5
anchor_right = 0.5
offset_left = -20.0
offset_right = 20.0
offset_bottom = 23.0
grow_horizontal = 2

[node name="Button" type="Button" parent="."]
anchors_preset = 7
anchor_left = 0.5
anchor_top = 1.0
anchor_right = 0.5
anchor_bottom = 1.0
offset_left = -111.0
offset_top = -79.0
offset_right = 114.0
grow_horizontal = 2
grow_vertical = 0
text = "Select"

[connection signal="pressed" from="Button" to="." method="_on_button_pressed"]

[editable path="Characters/Rogue_Hooded"]
[editable path="Characters/Barbarian"]
