[gd_scene load_steps=16 format=3 uid="uid://ckf3ipmwutb47"]

[ext_resource type="PackedScene" uid="uid://csqg2v0p2s8yw" path="res://player/rogue_hooded.tscn" id="2_aurua"]
[ext_resource type="PackedScene" uid="uid://dh7eqkenjyvhp" path="res://hideout/hideout.tscn" id="3_uheyo"]
[ext_resource type="PackedScene" uid="uid://dawwbik4sgvk7" path="res://player/barbarian.tscn" id="3_wd3uh"]
[ext_resource type="Material" uid="uid://cuinop16et3w1" path="res://assets/resources/grass_material.tres" id="4_vr2du"]
[ext_resource type="PackedScene" uid="uid://ds52ra1i0aaov" path="res://transition/transition.tscn" id="5_1qjme"]
[ext_resource type="PackedScene" uid="uid://dcbt3cxtuaj55" path="res://player/mage/mage.tscn" id="7_kerki"]
[ext_resource type="FontFile" uid="uid://dxh1exxrby0bd" path="res://addons/editor-plugin/fonts/Diablo Heavy.ttf" id="8_f8y4w"]
[ext_resource type="Texture2D" uid="uid://c3ty78dhu6mmv" path="res://assets/panorama/panorama_image.png" id="9_xeoei"]
[ext_resource type="PackedScene" uid="uid://ci7p6fwa6jxd" path="res://portal/portal.tscn" id="10_wksuf"]

[sub_resource type="GDScript" id="GDScript_1jutb"]
script/source = "extends Node3D

@onready var transition = $Transition
@onready var score_max = $Score
@onready var deaths = $Deaths

var current_selected_character_name
var selection_area = preload(\"res://player/selection_area.tscn\")

# Called when the node enters the scene tree for the first time. 
func _ready():
	transition.get_node(\"AnimationPlayer\").play(\"fade_in\")
	score_max.text = \"Best Score: \" + str(Global.best_score)
	deaths.text = \"Deaths: \" + str(Global.deaths)
	
	for character in $Characters.get_children():
		var selection_area_ins = selection_area.instantiate()
		character.add_child(selection_area_ins)
		
func character_selected(character_name):
	current_selected_character_name = character_name
	$CharacterLabel.text = current_selected_character_name
	for character in $Characters.get_children():
		character.get_child(character.get_child_count()-1).hide_selection()


func _on_button_pressed():
	if current_selected_character_name:
		transition.get_node(\"AnimationPlayer\").play(\"fade_out\")
		await get_tree().create_timer(1).timeout
		GameManager.set_player_character(current_selected_character_name)
		get_tree().change_scene_to_file(\"res://level/level2/level_2.tscn\")
"

[sub_resource type="PanoramaSkyMaterial" id="PanoramaSkyMaterial_eycid"]
panorama = ExtResource("9_xeoei")

[sub_resource type="Sky" id="Sky_oax1t"]
sky_material = SubResource("PanoramaSkyMaterial_eycid")

[sub_resource type="Environment" id="Environment_wbfuk"]
background_mode = 2
sky = SubResource("Sky_oax1t")

[sub_resource type="PlaneMesh" id="PlaneMesh_o8vr5"]
material = ExtResource("4_vr2du")

[sub_resource type="BoxShape3D" id="BoxShape3D_lknay"]
size = Vector3(2, 2, 0)

[node name="Level1" type="Node3D"]
script = SubResource("GDScript_1jutb")

[node name="WorldEnvironment" type="WorldEnvironment" parent="."]
environment = SubResource("Environment_wbfuk")

[node name="Characters" type="Node" parent="."]

[node name="Mage" parent="Characters" instance=ExtResource("7_kerki")]
transform = Transform3D(1, 0, 1.74846e-07, 0, 1, 0, -1.74846e-07, 0, 1, 0, 0, 11)

[node name="Rogue_Hooded" parent="Characters" instance=ExtResource("2_aurua")]
transform = Transform3D(-0.688582, 0, -0.725158, 0, 1, 0, 0.725158, 0, -0.688582, -6.52419, 0, 4.73239)
script = null

[node name="Skeleton3D" parent="Characters/Rogue_Hooded/Rig" index="0"]
bones/0/position = Vector3(0, 0.000439827, 0)
bones/0/rotation = Quaternion(-1.06819e-11, -0.000310285, -1.85015e-11, 1)
bones/1/position = Vector3(1.69872e-19, 0.377029, -1.05307e-18)
bones/1/rotation = Quaternion(0.00113328, 0.0426622, 8.96866e-05, 0.999089)
bones/2/rotation = Quaternion(0.00131948, 0.00129861, -0.000127315, 0.999998)
bones/3/rotation = Quaternion(0.000495498, 0.000111217, 5.42412e-05, 1)
bones/4/rotation = Quaternion(-0.55143, -0.0618102, -0.654752, 0.51323)
bones/5/rotation = Quaternion(2.71342e-08, -5.95807e-08, -0.481646, 0.876366)
bones/7/rotation = Quaternion(-0.317071, -0.331313, 0.135996, 0.878181)
bones/8/rotation = Quaternion(0.00163118, 0.00163117, -0.701092, 0.713067)
bones/10/rotation = Quaternion(-0.61086, 0.0820015, 0.627971, 0.475162)
bones/11/rotation = Quaternion(9.05294e-09, 4.4049e-08, 0.505464, 0.862848)
bones/13/rotation = Quaternion(-0.315778, 0.305688, -0.217759, 0.871447)
bones/14/rotation = Quaternion(0.00436224, 0.00513807, 0.702555, 0.711598)
bones/19/rotation = Quaternion(-5.8061e-11, -0.0313416, -1.88013e-09, 0.999509)
bones/21/position = Vector3(0.170945, 0.113587, 0.00113602)
bones/21/rotation = Quaternion(0.990888, 0.0827518, 0.0761168, 0.0741557)
bones/22/rotation = Quaternion(0.346454, 6.31197e-08, -2.47978e-07, 0.938067)
bones/23/rotation = Quaternion(-0.596376, -0.201155, 0.0677021, 0.774138)
bones/24/rotation = Quaternion(-3.04834e-08, 0.920355, -0.391084, 6.94798e-08)
bones/25/position = Vector3(-0.170945, 0.113587, -0.00113599)
bones/25/rotation = Quaternion(0.993468, -0.0318786, 0.0299261, 0.105402)
bones/26/rotation = Quaternion(0.399003, -6.03404e-08, 2.78871e-07, 0.91695)
bones/27/rotation = Quaternion(-0.619738, 0.112028, -0.0186603, 0.776548)
bones/28/rotation = Quaternion(2.98382e-08, 0.920127, -0.39162, -6.93323e-08)
bones/29/position = Vector3(0.170945, 0.292534, 0.576036)
bones/29/rotation = Quaternion(0.707107, -2.29302e-07, -4.60552e-08, 0.707107)
bones/30/position = Vector3(0.20182, 0.0296035, 0.209709)
bones/30/rotation = Quaternion(-0.710167, -7.01299e-08, -7.08962e-08, 0.704033)
bones/31/rotation = Quaternion(9.54712e-09, 1.75913e-09, 0.986047, -0.166466)
bones/32/rotation = Quaternion(-1.04035e-07, 0.391084, 0.920355, -2.9526e-08)
bones/34/rotation = Quaternion(1, 8.81481e-12, 1.94707e-07, 1.10423e-12)
bones/36/position = Vector3(-0.170945, 0.292534, 0.576036)
bones/36/rotation = Quaternion(0.707107, -3.82385e-08, 1.45009e-07, 0.707107)
bones/37/position = Vector3(-0.170945, 0.0272424, 0.237567)
bones/37/rotation = Quaternion(-0.69909, -7.13551e-08, -6.96982e-08, 0.715034)
bones/38/rotation = Quaternion(-5.76853e-09, 6.36406e-10, 0.994929, 0.100582)
bones/39/rotation = Quaternion(-1.04035e-07, 0.391084, 0.920355, -2.95261e-08)
bones/41/rotation = Quaternion(1, 1.01193e-11, 1.9471e-07, -4.41691e-12)
bones/44/position = Vector3(0.520841, 0.767843, -0.0576374)
bones/44/rotation = Quaternion(0.794627, -1.11759e-07, 0.607098, -5.96046e-08)
bones/46/position = Vector3(-0.510844, 0.767843, 0.0597369)
bones/46/rotation = Quaternion(-0.758253, -1.52737e-07, 0.651961, -1.11759e-08)

[node name="Knife_Offhand" parent="Characters/Rogue_Hooded/Rig/Skeleton3D" index="0"]
transform = Transform3D(0.000436503, 0.264004, 0.964521, 0.999724, -0.0227616, 0.00577809, 0.0234798, 0.964252, -0.263941, 0.507309, 0.616035, -0.019902)

[node name="1H_Crossbow" parent="Characters/Rogue_Hooded/Rig/Skeleton3D" index="1"]
transform = Transform3D(0.986792, -0.161963, 0.0026941, -0.000311733, -0.0185282, -0.999827, 0.161985, 0.986622, -0.0183343, -0.489263, 0.724616, 0.0981738)

[node name="2H_Crossbow" parent="Characters/Rogue_Hooded/Rig/Skeleton3D" index="2"]
transform = Transform3D(0.986792, -0.161963, 0.0026941, -0.000311733, -0.0185282, -0.999827, 0.161985, 0.986622, -0.0183343, -0.489263, 0.724616, 0.0981738)

[node name="Knife" parent="Characters/Rogue_Hooded/Rig/Skeleton3D" index="3"]
transform = Transform3D(-0.00269409, -0.161963, 0.986792, 0.999827, -0.0185281, -0.000311709, 0.0183342, 0.986622, 0.161985, -0.490659, 0.619813, 0.106475)

[node name="Throwable" parent="Characters/Rogue_Hooded/Rig/Skeleton3D" index="4"]
transform = Transform3D(-0.00269408, -0.161963, 0.986792, 0.999827, -0.0185281, -0.000311725, 0.0183342, 0.986622, 0.161985, -0.519852, 0.616474, 0.28431)

[node name="Rogue_Cape" parent="Characters/Rogue_Hooded/Rig/Skeleton3D" index="5"]
transform = Transform3D(0.99617, 0.000374981, 0.0874369, 0.000140246, 0.999983, -0.00588634, -0.0874376, 0.00587605, 0.996153, 0.000223787, 1.18767, 0.00369522)

[node name="Barbarian" parent="Characters" instance=ExtResource("3_wd3uh")]
transform = Transform3D(0.957637, 0, -0.287979, 0, 1, 0, 0.287979, 0, 0.957637, 0.549507, 0, -0.252919)

[node name="Skeleton3D" parent="Characters/Barbarian/Rig" index="0"]
bones/0/position = Vector3(0, 0.00054945, 0)
bones/0/rotation = Quaternion(-1.06819e-11, -0.000310285, -1.85015e-11, 1)
bones/1/position = Vector3(1.05307e-18, 0.377033, -1.05307e-18)
bones/1/rotation = Quaternion(0.00110891, 0.0426621, 8.86518e-05, 0.999089)
bones/2/rotation = Quaternion(0.00131789, 0.00145746, -0.000139557, 0.999998)
bones/3/rotation = Quaternion(0.00049469, 0.000113668, 6.68642e-05, 1)
bones/4/rotation = Quaternion(-0.55143, -0.0618102, -0.654752, 0.51323)
bones/5/rotation = Quaternion(2.71342e-08, -5.95807e-08, -0.481646, 0.876366)
bones/7/rotation = Quaternion(-0.317071, -0.331313, 0.135996, 0.878181)
bones/8/rotation = Quaternion(0.00163118, 0.00163117, -0.701092, 0.713067)
bones/11/rotation = Quaternion(-0.61086, 0.0820015, 0.627971, 0.475162)
bones/12/rotation = Quaternion(9.05294e-09, 4.4049e-08, 0.505464, 0.862848)
bones/14/rotation = Quaternion(-0.315778, 0.305688, -0.217759, 0.871447)
bones/15/rotation = Quaternion(0.00436224, 0.00513807, 0.702555, 0.711598)
bones/19/rotation = Quaternion(-5.80608e-11, -0.0313417, -1.88012e-09, 0.999509)
bones/22/position = Vector3(0.170945, 0.113587, 0.0011582)
bones/22/rotation = Quaternion(0.991013, 0.0826199, 0.0762586, 0.0724687)
bones/23/rotation = Quaternion(0.342503, 6.32043e-08, -2.4521e-07, 0.939517)
bones/24/rotation = Quaternion(-0.595025, -0.201272, 0.067349, 0.775176)
bones/25/rotation = Quaternion(-3.04832e-08, 0.920355, -0.391084, 6.94783e-08)
bones/26/position = Vector3(-0.170945, 0.113587, -0.00115817)
bones/26/rotation = Quaternion(0.993481, -0.0318826, 0.0299225, 0.105279)
bones/27/rotation = Quaternion(0.398828, -6.0336e-08, 2.78701e-07, 0.917026)
bones/28/rotation = Quaternion(-0.61954, 0.112032, -0.018632, 0.776706)
bones/29/rotation = Quaternion(3.04807e-08, 0.920355, -0.391084, -6.94914e-08)
bones/30/rotation = Quaternion(0.707107, -2.29302e-07, -4.60552e-08, 0.707107)
bones/31/position = Vector3(0.20182, 0.0297528, 0.20974)
bones/31/rotation = Quaternion(-0.710807, -7.01236e-08, -7.09308e-08, 0.703388)
bones/32/rotation = Quaternion(9.54712e-09, 1.75913e-09, 0.986047, -0.166466)
bones/33/rotation = Quaternion(-1.04035e-07, 0.391084, 0.920355, -2.9526e-08)
bones/35/rotation = Quaternion(1, 8.81481e-12, 1.94707e-07, 1.10423e-12)
bones/37/rotation = Quaternion(0.707107, -3.82385e-08, 1.45009e-07, 0.707107)
bones/38/position = Vector3(-0.170945, 0.0272927, 0.237432)
bones/38/rotation = Quaternion(-0.698976, -7.13945e-08, -6.96457e-08, 0.715145)
bones/39/rotation = Quaternion(-5.76853e-09, 6.36406e-10, 0.994929, 0.100582)
bones/40/rotation = Quaternion(-1.04035e-07, 0.391084, 0.920355, -2.95261e-08)
bones/42/rotation = Quaternion(1, 1.01193e-11, 1.9471e-07, -4.41691e-12)
bones/45/position = Vector3(0.520841, 0.767843, -0.0576374)
bones/45/rotation = Quaternion(0.794627, -1.11759e-07, 0.607098, -5.96046e-08)
bones/47/position = Vector3(-0.510844, 0.767843, 0.0597369)
bones/47/rotation = Quaternion(-0.758253, -1.52737e-07, 0.651961, -1.11759e-08)

[node name="1H_Axe_Offhand" parent="Characters/Barbarian/Rig/Skeleton3D" index="0"]
transform = Transform3D(0.000442002, 0.264315, 0.964436, 0.999725, -0.0227096, 0.005766, 0.0234262, 0.964168, -0.264253, 0.51612, 0.615392, 0.012053)

[node name="Barbarian_Round_Shield" parent="Characters/Barbarian/Rig/Skeleton3D" index="1"]
transform = Transform3D(0.000441794, 0.264315, 0.964436, 0.999725, -0.0227121, 0.0057669, 0.0234289, 0.964168, -0.264253, 0.662154, 0.616661, -0.0448534)

[node name="1H_Axe" parent="Characters/Barbarian/Rig/Skeleton3D" index="2"]
transform = Transform3D(-0.00269043, -0.161644, 0.986845, 0.999828, -0.0184758, -0.000300842, 0.0182817, 0.986675, 0.161667, -0.496002, 0.619316, 0.139502)

[node name="2H_Axe" parent="Characters/Barbarian/Rig/Skeleton3D" index="3"]
transform = Transform3D(-0.00269043, -0.161644, 0.986845, 0.999828, -0.0184758, -0.000300842, 0.0182817, 0.986675, 0.161667, -0.496002, 0.619316, 0.139502)

[node name="Mug" parent="Characters/Barbarian/Rig/Skeleton3D" index="4"]
transform = Transform3D(-0.00269043, -0.161644, 0.986845, 0.999828, -0.0184758, -0.000300842, 0.0182817, 0.986675, 0.161667, -0.487281, 0.319706, 0.0857133)

[node name="Barbarian_Hat" parent="Characters/Barbarian/Rig/Skeleton3D" index="5"]
transform = Transform3D(0.999683, 0.000374566, 0.0251747, -0.00022786, 0.999983, -0.00583013, -0.0251765, 0.00582254, 0.999666, 0.000232892, 1.18778, 0.00365241)

[node name="Barbarian_Cape" parent="Characters/Barbarian/Rig/Skeleton3D" index="6"]
transform = Transform3D(0.996142, 0.000374562, 0.0877581, 0.000137864, 0.999983, -0.00583295, -0.0877588, 0.00582254, 0.996125, 0.000230983, 1.18778, 0.00365257)

[node name="DirectionalLight3D" type="DirectionalLight3D" parent="."]
transform = Transform3D(0.998572, 0.0477985, -0.0238551, -0.0170119, 0.707835, 0.706173, 0.0506395, -0.704759, 0.707637, 0.289022, 8.21207, 0)
shadow_enabled = true

[node name="Floor2" type="StaticBody3D" parent="."]

[node name="Floor" type="MeshInstance3D" parent="Floor2"]
transform = Transform3D(30, 0, 0, 0, 30, 0, 0, 0, 30, 0, 0, 0)
visible = false
mesh = SubResource("PlaneMesh_o8vr5")
skeleton = NodePath("../..")

[node name="CollisionShape3D" type="CollisionShape3D" parent="Floor2"]
transform = Transform3D(30, 0, 0, 0, -1.31134e-06, 30, 0, -30, -1.31134e-06, 0, 0, 0)
shape = SubResource("BoxShape3D_lknay")

[node name="Portal" parent="." instance=ExtResource("10_wksuf")]
transform = Transform3D(1, 0, 0, 0, 1, 0, 0, 0, 1, 6.21744, 0, 16.0452)

[node name="Hideout" parent="." instance=ExtResource("3_uheyo")]
transform = Transform3D(-1, 0, -8.74228e-08, 0, 1, 0, 8.74228e-08, 0, -1, 0, 0, 0)

[node name="Deaths" type="Label" parent="."]
offset_top = 40.0
offset_right = 237.0
offset_bottom = 101.0
theme_override_fonts/font = ExtResource("8_f8y4w")
theme_override_font_sizes/font_size = 50
text = "Deaths:"

[node name="Score" type="Label" parent="."]
offset_right = 526.0
offset_bottom = 61.0
theme_override_fonts/font = ExtResource("8_f8y4w")
theme_override_font_sizes/font_size = 50
text = "Max Score: 10/10"

[node name="Transition" parent="." instance=ExtResource("5_1qjme")]
position = Vector2(1, 0)

[node name="CharacterLabel" type="Label" parent="."]
anchors_preset = 5
anchor_left = 0.5
anchor_right = 0.5
offset_left = -20.0
offset_right = 20.0
offset_bottom = 23.0
grow_horizontal = 2

[node name="Button" type="Button" parent="."]
anchors_preset = 7
anchor_left = 0.5
anchor_top = 1.0
anchor_right = 0.5
anchor_bottom = 1.0
offset_left = -111.0
offset_top = -79.0
offset_right = 114.0
grow_horizontal = 2
grow_vertical = 0
text = "Select"

[connection signal="pressed" from="Button" to="." method="_on_button_pressed"]

[editable path="Characters/Rogue_Hooded"]
[editable path="Characters/Barbarian"]
