[gd_scene load_steps=16 format=3 uid="uid://ckf3ipmwutb47"]

[ext_resource type="PackedScene" uid="uid://csqg2v0p2s8yw" path="res://player/rogue/rogue_hooded.tscn" id="2_aurua"]
[ext_resource type="PackedScene" uid="uid://dh7eqkenjyvhp" path="res://hideout/hideout.tscn" id="3_uheyo"]
[ext_resource type="PackedScene" uid="uid://dawwbik4sgvk7" path="res://player/barbarian/barbarian.tscn" id="3_wd3uh"]
[ext_resource type="Material" uid="uid://cuinop16et3w1" path="res://assets/resources/grass_material.tres" id="4_vr2du"]
[ext_resource type="PackedScene" uid="uid://ds52ra1i0aaov" path="res://transition/transition.tscn" id="5_1qjme"]
[ext_resource type="PackedScene" uid="uid://dcbt3cxtuaj55" path="res://player/mage/mage.tscn" id="7_kerki"]
[ext_resource type="FontFile" uid="uid://dxh1exxrby0bd" path="res://addons/editor-plugin/fonts/Diablo Heavy.ttf" id="8_f8y4w"]
[ext_resource type="Texture2D" uid="uid://c3ty78dhu6mmv" path="res://assets/panorama/panorama_image.png" id="9_xeoei"]
[ext_resource type="PackedScene" uid="uid://ci7p6fwa6jxd" path="res://portal/portal.tscn" id="10_wksuf"]

[sub_resource type="GDScript" id="GDScript_1jutb"]
script/source = "extends Node3D

@onready var transition = $Transition
@onready var score_max = $Score
@onready var deaths = $Deaths

var current_selected_character_name
var selection_area = preload(\"res://player/selection_area.tscn\")

# Called when the node enters the scene tree for the first time. 
func _ready():
	transition.get_node(\"AnimationPlayer\").play(\"fade_in\")
	score_max.text = \"Best Score: \" + str(Global.best_score)
	deaths.text = \"Deaths: \" + str(Global.deaths)
	
	for character in $Characters.get_children():
		var selection_area_ins = selection_area.instantiate()
		character.add_child(selection_area_ins)
		
func character_selected(character_name):
	current_selected_character_name = character_name
	$CharacterLabel.text = current_selected_character_name
	for character in $Characters.get_children():
		print(\"Get child count of \", $CharacterLabel.text, \" and it has \", character.get_child_count()-1, \" Childs\")
		character.get_node(\"SelectionPath\").hide_selection()
		#character.get_child(character.get_child_count()-1).hide_selection()


func _on_button_pressed():
	if current_selected_character_name:
		transition.get_node(\"AnimationPlayer\").play(\"fade_out\")
		await get_tree().create_timer(1).timeout
		GameManager.set_player_character(current_selected_character_name)
		get_tree().change_scene_to_file(\"res://level/level2/level_2.tscn\")
"

[sub_resource type="PanoramaSkyMaterial" id="PanoramaSkyMaterial_eycid"]
panorama = ExtResource("9_xeoei")

[sub_resource type="Sky" id="Sky_oax1t"]
sky_material = SubResource("PanoramaSkyMaterial_eycid")

[sub_resource type="Environment" id="Environment_wbfuk"]
background_mode = 2
sky = SubResource("Sky_oax1t")

[sub_resource type="PlaneMesh" id="PlaneMesh_o8vr5"]
material = ExtResource("4_vr2du")

[sub_resource type="BoxShape3D" id="BoxShape3D_lknay"]
size = Vector3(2, 2, 0)

[node name="Level1" type="Node3D"]
script = SubResource("GDScript_1jutb")

[node name="WorldEnvironment" type="WorldEnvironment" parent="."]
environment = SubResource("Environment_wbfuk")

[node name="Characters" type="Node" parent="."]

[node name="Mage" parent="Characters" instance=ExtResource("7_kerki")]
transform = Transform3D(1, 0, 1.74846e-07, 0, 1, 0, -1.74846e-07, 0, 1, 0, 0, 11)

[node name="Rogue_Hooded" parent="Characters" instance=ExtResource("2_aurua")]
transform = Transform3D(-0.688582, 0, -0.725158, 0, 1, 0, 0.725158, 0, -0.688582, -6.52419, 0, 4.73239)
script = null

[node name="Skeleton3D" parent="Characters/Rogue_Hooded/Rig" index="0"]
bones/0/position = Vector3(0, 0.000489006, 0)
bones/0/rotation = Quaternion(-1.06819e-11, -0.000310285, -1.85015e-11, 1)
bones/1/position = Vector3(4.24363e-19, 0.369429, -1.05307e-18)
bones/1/rotation = Quaternion(0.00112263, 0.0426622, 8.92345e-05, 0.999089)
bones/2/rotation = Quaternion(0.00131875, 0.0013723, -0.000133002, 0.999998)
bones/3/rotation = Quaternion(0.000495122, 0.000112357, 6.01129e-05, 1)
bones/4/rotation = Quaternion(-0.551043, -0.0565344, -0.638478, 0.534323)
bones/5/rotation = Quaternion(2.33334e-08, -6.62667e-08, -0.515282, 0.857021)
bones/7/rotation = Quaternion(-0.321137, -0.339027, 0.149371, 0.871562)
bones/8/rotation = Quaternion(0.00107986, 0.00107986, -0.703131, 0.711058)
bones/10/rotation = Quaternion(-0.609695, 0.0770815, 0.614013, 0.495297)
bones/11/rotation = Quaternion(3.46748e-08, 4.09646e-08, 0.537661, 0.843161)
bones/13/rotation = Quaternion(-0.320249, 0.31518, -0.231578, 0.862829)
bones/14/rotation = Quaternion(0.00337507, 0.00397533, 0.703591, 0.710587)
bones/19/rotation = Quaternion(-5.8061e-11, -0.0313416, -1.88013e-09, 0.999509)
bones/21/position = Vector3(0.170945, 0.113587, 0.00114633)
bones/21/rotation = Quaternion(0.989107, 0.0832464, 0.0774852, 0.0934526)
bones/22/rotation = Quaternion(0.397638, 6.05828e-08, -2.70948e-07, 0.917542)
bones/23/rotation = Quaternion(-0.623562, -0.198168, 0.0770666, 0.752304)
bones/24/rotation = Quaternion(-3.04835e-08, 0.920355, -0.391084, 6.94794e-08)
bones/25/position = Vector3(-0.170945, 0.113587, -0.00114631)
bones/25/rotation = Quaternion(0.991378, -0.0331242, 0.0294146, 0.123318)
bones/26/rotation = Quaternion(0.4455, -5.88744e-08, 3.12009e-07, 0.895282)
bones/27/rotation = Quaternion(-0.644996, 0.111221, -0.0230867, 0.755697)
bones/28/rotation = Quaternion(2.98548e-08, 0.920229, -0.391379, -6.93196e-08)
bones/29/position = Vector3(0.170945, 0.292433, 0.575935)
bones/29/rotation = Quaternion(0.707107, -2.29302e-07, -4.60552e-08, 0.707107)
bones/30/position = Vector3(0.20182, 0.0296915, 0.209727)
bones/30/rotation = Quaternion(-0.710461, -7.01031e-08, -7.09234e-08, 0.703737)
bones/31/rotation = Quaternion(9.54712e-09, 1.75913e-09, 0.986047, -0.166466)
bones/32/rotation = Quaternion(-1.04035e-07, 0.391084, 0.920355, -2.9526e-08)
bones/34/rotation = Quaternion(1, 8.81481e-12, 1.94707e-07, 1.10423e-12)
bones/36/position = Vector3(-0.170945, 0.292433, 0.575935)
bones/36/rotation = Quaternion(0.707107, -3.82385e-08, 1.45009e-07, 0.707107)
bones/37/position = Vector3(-0.170945, 0.027272, 0.237488)
bones/37/rotation = Quaternion(-0.699025, -7.1361e-08, -6.96922e-08, 0.715098)
bones/38/rotation = Quaternion(-5.76853e-09, 6.36406e-10, 0.994929, 0.100582)
bones/39/rotation = Quaternion(-1.04035e-07, 0.391084, 0.920355, -2.95261e-08)
bones/41/rotation = Quaternion(1, 1.01193e-11, 1.9471e-07, -4.41691e-12)
bones/44/position = Vector3(0.520841, 0.77339, -0.0576374)
bones/44/rotation = Quaternion(0.794627, -1.11759e-07, 0.607098, -5.96046e-08)
bones/46/position = Vector3(-0.510844, 0.77339, 0.0597369)
bones/46/rotation = Quaternion(-0.758253, -1.52737e-07, 0.651961, -1.11759e-08)

[node name="Knife_Offhand" parent="Characters/Rogue_Hooded/Rig/Skeleton3D" index="0"]
transform = Transform3D(0.000391436, 0.264167, 0.964476, 0.999846, -0.0169538, 0.00423815, 0.0174714, 0.964327, -0.264133, 0.507306, 0.623339, -0.0176482)

[node name="1H_Crossbow" parent="Characters/Rogue_Hooded/Rig/Skeleton3D" index="1"]
transform = Transform3D(0.987305, -0.158817, 0.0019853, -0.000501789, -0.0156169, -0.999877, 0.158829, 0.987184, -0.0154986, -0.488733, 0.732297, 0.100253)

[node name="2H_Crossbow" parent="Characters/Rogue_Hooded/Rig/Skeleton3D" index="2"]
transform = Transform3D(0.987305, -0.158817, 0.0019853, -0.000501789, -0.0156169, -0.999877, 0.158829, 0.987184, -0.0154986, -0.488733, 0.732297, 0.100253)

[node name="Knife" parent="Characters/Rogue_Hooded/Rig/Skeleton3D" index="3"]
transform = Transform3D(-0.0019853, -0.158817, 0.987305, 0.999877, -0.0156168, -0.000501766, 0.0154984, 0.987184, 0.158829, -0.49017, 0.627519, 0.108857)

[node name="Throwable" parent="Characters/Rogue_Hooded/Rig/Skeleton3D" index="4"]
transform = Transform3D(-0.00198528, -0.158817, 0.987305, 0.999877, -0.0156168, -0.000501782, 0.0154984, 0.987184, 0.158829, -0.518796, 0.624704, 0.286793)

[node name="Rogue_Cape" parent="Characters/Rogue_Hooded/Rig/Skeleton3D" index="5"]
transform = Transform3D(0.996157, 0.000374772, 0.0875859, 0.000139277, 0.999983, -0.0058629, -0.0875866, 0.00585257, 0.99614, 0.000228015, 1.18012, 0.0036765)

[node name="Barbarian" parent="Characters" instance=ExtResource("3_wd3uh")]
transform = Transform3D(0.957637, 0, -0.287979, 0, 1, 0, 0.287979, 0, 0.957637, 0.549507, 0, -0.252919)

[node name="Skeleton3D" parent="Characters/Barbarian/Rig" index="0"]
bones/0/position = Vector3(0, 0.00054945, 0)
bones/0/rotation = Quaternion(-1.06819e-11, -0.000310285, -1.85015e-11, 1)
bones/1/position = Vector3(1.05307e-18, 0.369432, -1.05307e-18)
bones/1/rotation = Quaternion(0.00110891, 0.0426621, 8.86518e-05, 0.999089)
bones/2/rotation = Quaternion(0.00131789, 0.00145746, -0.000139557, 0.999998)
bones/3/rotation = Quaternion(0.00049469, 0.000113668, 6.68642e-05, 1)
bones/4/rotation = Quaternion(-0.551043, -0.0565344, -0.638478, 0.534323)
bones/5/rotation = Quaternion(2.33334e-08, -6.62667e-08, -0.515282, 0.857021)
bones/7/rotation = Quaternion(-0.321137, -0.339027, 0.149371, 0.871562)
bones/8/rotation = Quaternion(0.00107986, 0.00107986, -0.703131, 0.711058)
bones/11/rotation = Quaternion(-0.609695, 0.0770815, 0.614013, 0.495297)
bones/12/rotation = Quaternion(3.46748e-08, 4.09646e-08, 0.537661, 0.843161)
bones/14/rotation = Quaternion(-0.320249, 0.31518, -0.231578, 0.862829)
bones/15/rotation = Quaternion(0.00337507, 0.00397533, 0.703591, 0.710587)
bones/19/rotation = Quaternion(-5.80608e-11, -0.0313417, -1.88012e-09, 0.999509)
bones/22/position = Vector3(0.170945, 0.113587, 0.0011582)
bones/22/rotation = Quaternion(0.98921, 0.0831594, 0.0775774, 0.0923563)
bones/23/rotation = Quaternion(0.395143, 6.06736e-08, -2.69198e-07, 0.91862)
bones/24/rotation = Quaternion(-0.62262, -0.198264, 0.0768177, 0.753084)
bones/25/rotation = Quaternion(-3.04832e-08, 0.920355, -0.391084, 6.94783e-08)
bones/26/position = Vector3(-0.170945, 0.113587, -0.00115817)
bones/26/rotation = Quaternion(0.991383, -0.0331257, 0.0294132, 0.123275)
bones/27/rotation = Quaternion(0.445438, -5.88574e-08, 3.11934e-07, 0.895313)
bones/28/rotation = Quaternion(-0.644912, 0.111223, -0.0230744, 0.755768)
bones/29/rotation = Quaternion(3.04807e-08, 0.920355, -0.391084, -6.94914e-08)
bones/30/rotation = Quaternion(0.707107, -2.29302e-07, -4.60552e-08, 0.707107)
bones/31/position = Vector3(0.20182, 0.0297528, 0.20974)
bones/31/rotation = Quaternion(-0.710807, -7.01236e-08, -7.09308e-08, 0.703388)
bones/32/rotation = Quaternion(9.54712e-09, 1.75913e-09, 0.986047, -0.166466)
bones/33/rotation = Quaternion(-1.04035e-07, 0.391084, 0.920355, -2.9526e-08)
bones/35/rotation = Quaternion(1, 8.81481e-12, 1.94707e-07, 1.10423e-12)
bones/37/rotation = Quaternion(0.707107, -3.82385e-08, 1.45009e-07, 0.707107)
bones/38/position = Vector3(-0.170945, 0.0272927, 0.237432)
bones/38/rotation = Quaternion(-0.698976, -7.13945e-08, -6.96457e-08, 0.715145)
bones/39/rotation = Quaternion(-5.76853e-09, 6.36406e-10, 0.994929, 0.100582)
bones/40/rotation = Quaternion(-1.04035e-07, 0.391084, 0.920355, -2.95261e-08)
bones/42/rotation = Quaternion(1, 1.01193e-11, 1.9471e-07, -4.41691e-12)
bones/45/position = Vector3(0.520841, 0.77339, -0.0576374)
bones/45/rotation = Quaternion(0.794627, -1.11759e-07, 0.607098, -5.96046e-08)
bones/47/position = Vector3(-0.510844, 0.77339, 0.0597369)
bones/47/rotation = Quaternion(-0.758253, -1.52737e-07, 0.651961, -1.11759e-08)

[node name="1H_Axe_Offhand" parent="Characters/Barbarian/Rig/Skeleton3D" index="0"]
transform = Transform3D(0.000393434, 0.264333, 0.964431, 0.999847, -0.0169246, 0.00423127, 0.0174414, 0.964282, -0.2643, 0.516116, 0.622839, 0.0143913)

[node name="Barbarian_Round_Shield" parent="Characters/Barbarian/Rig/Skeleton3D" index="1"]
transform = Transform3D(0.000393227, 0.264333, 0.964431, 0.999847, -0.0169271, 0.00423217, 0.017444, 0.964282, -0.2643, 0.662149, 0.623774, -0.0425243)

[node name="1H_Axe" parent="Characters/Barbarian/Rig/Skeleton3D" index="2"]
transform = Transform3D(-0.00198384, -0.158646, 0.987333, 0.999877, -0.0155874, -0.000495857, 0.0154689, 0.987212, 0.158658, -0.495433, 0.627066, 0.141833)

[node name="2H_Axe" parent="Characters/Barbarian/Rig/Skeleton3D" index="3"]
transform = Transform3D(-0.00198384, -0.158646, 0.987333, 0.999877, -0.0155874, -0.000495857, 0.0154689, 0.987212, 0.158658, -0.495433, 0.627066, 0.141833)

[node name="Mug" parent="Characters/Barbarian/Rig/Skeleton3D" index="4"]
transform = Transform3D(-0.00198384, -0.158646, 0.987333, 0.999877, -0.0155874, -0.000495857, 0.0154689, 0.987212, 0.158658, -0.487072, 0.3273, 0.088863)

[node name="Barbarian_Hat" parent="Characters/Barbarian/Rig/Skeleton3D" index="5"]
transform = Transform3D(0.999683, 0.000374566, 0.0251747, -0.00022786, 0.999983, -0.00583013, -0.0251765, 0.00582254, 0.999666, 0.000232892, 1.18018, 0.00365241)

[node name="Barbarian_Cape" parent="Characters/Barbarian/Rig/Skeleton3D" index="6"]
transform = Transform3D(0.996142, 0.000374562, 0.0877581, 0.000137864, 0.999983, -0.00583295, -0.0877588, 0.00582254, 0.996125, 0.000230983, 1.18018, 0.00365257)

[node name="DirectionalLight3D" type="DirectionalLight3D" parent="."]
transform = Transform3D(0.998572, 0.0477985, -0.0238551, -0.0170119, 0.707835, 0.706173, 0.0506395, -0.704759, 0.707637, 0.289022, 8.21207, 0)
shadow_enabled = true

[node name="Floor2" type="StaticBody3D" parent="."]

[node name="Floor" type="MeshInstance3D" parent="Floor2"]
transform = Transform3D(30, 0, 0, 0, 30, 0, 0, 0, 30, 0, 0, 0)
visible = false
mesh = SubResource("PlaneMesh_o8vr5")
skeleton = NodePath("../..")

[node name="CollisionShape3D" type="CollisionShape3D" parent="Floor2"]
transform = Transform3D(30, 0, 0, 0, -1.31134e-06, 30, 0, -30, -1.31134e-06, 0, 0, 0)
shape = SubResource("BoxShape3D_lknay")

[node name="Portal" parent="." instance=ExtResource("10_wksuf")]
transform = Transform3D(1, 0, 0, 0, 1, 0, 0, 0, 1, 6.21744, 0, 16.0452)

[node name="Hideout" parent="." instance=ExtResource("3_uheyo")]
transform = Transform3D(-1, 0, -8.74228e-08, 0, 1, 0, 8.74228e-08, 0, -1, 0, 0, 0)

[node name="Deaths" type="Label" parent="."]
offset_top = 40.0
offset_right = 237.0
offset_bottom = 101.0
theme_override_fonts/font = ExtResource("8_f8y4w")
theme_override_font_sizes/font_size = 50
text = "Deaths:"

[node name="Score" type="Label" parent="."]
offset_right = 526.0
offset_bottom = 61.0
theme_override_fonts/font = ExtResource("8_f8y4w")
theme_override_font_sizes/font_size = 50
text = "Max Score: 10/10"

[node name="Transition" parent="." instance=ExtResource("5_1qjme")]
position = Vector2(1, 0)

[node name="CharacterLabel" type="Label" parent="."]
anchors_preset = 5
anchor_left = 0.5
anchor_right = 0.5
offset_left = -20.0
offset_right = 20.0
offset_bottom = 23.0
grow_horizontal = 2

[node name="Button" type="Button" parent="."]
anchors_preset = 7
anchor_left = 0.5
anchor_top = 1.0
anchor_right = 0.5
anchor_bottom = 1.0
offset_left = -111.0
offset_top = -79.0
offset_right = 114.0
grow_horizontal = 2
grow_vertical = 0
text = "Select"

[connection signal="pressed" from="Button" to="." method="_on_button_pressed"]

[editable path="Characters/Rogue_Hooded"]
[editable path="Characters/Barbarian"]
