[gd_scene load_steps=16 format=3 uid="uid://ckf3ipmwutb47"]

[ext_resource type="PackedScene" uid="uid://csqg2v0p2s8yw" path="res://player/rogue_hooded.tscn" id="2_aurua"]
[ext_resource type="PackedScene" uid="uid://dh7eqkenjyvhp" path="res://hideout/hideout.tscn" id="3_uheyo"]
[ext_resource type="PackedScene" uid="uid://dawwbik4sgvk7" path="res://player/barbarian.tscn" id="3_wd3uh"]
[ext_resource type="Material" uid="uid://cuinop16et3w1" path="res://assets/resources/grass_material.tres" id="4_vr2du"]
[ext_resource type="PackedScene" uid="uid://ds52ra1i0aaov" path="res://transition/transition.tscn" id="5_1qjme"]
[ext_resource type="PackedScene" uid="uid://dcbt3cxtuaj55" path="res://player/mage.tscn" id="7_kerki"]
[ext_resource type="FontFile" uid="uid://dxh1exxrby0bd" path="res://addons/editor-plugin/fonts/Diablo Heavy.ttf" id="8_f8y4w"]
[ext_resource type="Texture2D" uid="uid://c3ty78dhu6mmv" path="res://assets/panorama/panorama_image.png" id="9_xeoei"]
[ext_resource type="PackedScene" uid="uid://ci7p6fwa6jxd" path="res://portal/portal.tscn" id="10_wksuf"]

[sub_resource type="GDScript" id="GDScript_1jutb"]
script/source = "extends Node3D

@onready var transition = $Transition
@onready var score_max = $Score
@onready var deaths = $Deaths

var current_selected_character_name
var selection_area = preload(\"res://player/selection_area.tscn\")

# Called when the node enters the scene tree for the first time. 
func _ready():
	transition.get_node(\"AnimationPlayer\").play(\"fade_in\")
	score_max.text = \"Best Score: \" + str(Global.best_score)
	deaths.text = \"Deaths: \" + str(Global.deaths)
	
	for character in $Characters.get_children():
		var selection_area_ins = selection_area.instantiate()
		character.add_child(selection_area_ins)
		
func character_selected(character_name):
	current_selected_character_name = character_name
	$CharacterLabel.text = current_selected_character_name
	for character in $Characters.get_children():
		character.get_child(character.get_child_count()-1).hide_selection()


func _on_button_pressed():
	if current_selected_character_name:
		transition.get_node(\"AnimationPlayer\").play(\"fade_out\")
		await get_tree().create_timer(1).timeout
		GameManager.set_player_character(current_selected_character_name)
		get_tree().change_scene_to_file(\"res://level/level2/level_2.tscn\")
"

[sub_resource type="PanoramaSkyMaterial" id="PanoramaSkyMaterial_eycid"]
panorama = ExtResource("9_xeoei")

[sub_resource type="Sky" id="Sky_oax1t"]
sky_material = SubResource("PanoramaSkyMaterial_eycid")

[sub_resource type="Environment" id="Environment_wbfuk"]
background_mode = 2
sky = SubResource("Sky_oax1t")

[sub_resource type="PlaneMesh" id="PlaneMesh_o8vr5"]
material = ExtResource("4_vr2du")

[sub_resource type="BoxShape3D" id="BoxShape3D_lknay"]
size = Vector3(2, 2, 0)

[node name="Level1" type="Node3D"]
script = SubResource("GDScript_1jutb")

[node name="WorldEnvironment" type="WorldEnvironment" parent="."]
environment = SubResource("Environment_wbfuk")

[node name="Characters" type="Node" parent="."]

[node name="Mage" parent="Characters" instance=ExtResource("7_kerki")]
transform = Transform3D(1, 0, 1.74846e-07, 0, 1, 0, -1.74846e-07, 0, 1, 0, 0, 11)

[node name="Rogue_Hooded" parent="Characters" instance=ExtResource("2_aurua")]
transform = Transform3D(-0.688582, 0, -0.725158, 0, 1, 0, 0.725158, 0, -0.688582, -6.52419, 0, 4.73239)
script = null

[node name="Skeleton3D" parent="Characters/Rogue_Hooded/Rig" index="0"]
bones/0/position = Vector3(0, 0.000200751, 0)
bones/1/position = Vector3(5.88926e-19, 0.388051, -5.88925e-19)
bones/1/rotation = Quaternion(0.001176, 0.0426623, 9.15009e-05, 0.999089)
bones/2/rotation = Quaternion(0.00132328, 0.000863474, -9.34895e-05, 0.999999)
bones/3/rotation = Quaternion(0.000497744, 0.000104391, 1.91052e-05, 1)
bones/4/rotation = Quaternion(-0.558412, -0.0597204, -0.641866, 0.522128)
bones/5/rotation = Quaternion(2.92172e-08, -5.49626e-08, -0.50075, 0.865592)
bones/7/rotation = Quaternion(-0.32139, -0.328202, 0.1474, 0.875937)
bones/8/rotation = Quaternion(0.000182477, 0.000182464, -0.706437, 0.707776)
bones/10/rotation = Quaternion(-0.616752, 0.0797119, 0.616327, 0.48312)
bones/11/rotation = Quaternion(2.50605e-08, 5.07899e-08, 0.523715, 0.851894)
bones/13/rotation = Quaternion(-0.319795, 0.303687, -0.229152, 0.867753)
bones/14/rotation = Quaternion(0.000512488, 0.000603633, 0.706575, 0.707637)
bones/21/position = Vector3(0.170945, 0.113587, 0.00107432)
bones/21/rotation = Quaternion(0.993103, 0.0828067, 0.0735285, 0.0385125)
bones/22/rotation = Quaternion(0.253337, 6.40074e-08, -1.77021e-07, 0.967378)
bones/23/rotation = Quaternion(-0.546082, -0.205339, 0.0517203, 0.810527)
bones/24/rotation = Quaternion(-3.04829e-08, 0.920355, -0.391084, 6.94816e-08)
bones/25/position = Vector3(-0.170945, 0.113587, -0.00107429)
bones/25/rotation = Quaternion(0.996248, -0.0299597, 0.0307866, 0.0751302)
bones/26/rotation = Quaternion(0.320049, -6.3312e-08, 2.22665e-07, 0.947401)
bones/27/rotation = Quaternion(-0.578, 0.112944, -0.0117125, 0.808098)
bones/28/rotation = Quaternion(2.97488e-08, 0.919625, -0.392797, -6.93779e-08)
bones/29/position = Vector3(0.170945, 0.293031, 0.576533)
bones/30/position = Vector3(0.20182, 0.0285127, 0.209488)
bones/30/rotation = Quaternion(-0.708483, -7.0293e-08, -7.07327e-08, 0.705728)
bones/36/position = Vector3(-0.170945, 0.293031, 0.576533)
bones/37/position = Vector3(-0.170945, 0.0268748, 0.238555)
bones/37/rotation = Quaternion(-0.699982, -7.12737e-08, -6.97816e-08, 0.714161)
bones/44/position = Vector3(0.520841, 0.786215, -0.0576373)
bones/46/position = Vector3(-0.510844, 0.786215, 0.0597369)

[node name="Knife_Offhand" parent="Characters/Rogue_Hooded/Rig/Skeleton3D" index="0"]
transform = Transform3D(0.000374906, 0.263175, 0.964747, 0.999968, -0.00775587, 0.00172746, 0.00793733, 0.964716, -0.263169, 0.507671, 0.635405, -0.0179214)

[node name="1H_Crossbow" parent="Characters/Rogue_Hooded/Rig/Skeleton3D" index="1"]
transform = Transform3D(0.988512, -0.151136, -2.30561e-05, -0.00114734, -0.00734892, -0.999972, 0.151132, 0.988485, -0.00743834, -0.489316, 0.744126, 0.0980825)

[node name="2H_Crossbow" parent="Characters/Rogue_Hooded/Rig/Skeleton3D" index="2"]
transform = Transform3D(0.988512, -0.151136, -2.30561e-05, -0.00114734, -0.00734892, -0.999972, 0.151132, 0.988485, -0.00743834, -0.489316, 0.744126, 0.0980825)

[node name="Knife" parent="Characters/Rogue_Hooded/Rig/Skeleton3D" index="3"]
transform = Transform3D(2.30604e-05, -0.151136, 0.988512, 0.999972, -0.00734878, -0.00114732, 0.00743819, 0.988485, 0.151132, -0.490884, 0.639425, 0.107543)

[node name="Throwable" parent="Characters/Rogue_Hooded/Rig/Skeleton3D" index="4"]
transform = Transform3D(2.30762e-05, -0.151136, 0.988512, 0.999972, -0.00734876, -0.00114734, 0.00743818, 0.988485, 0.151132, -0.518125, 0.6381, 0.285714)

[node name="Rogue_Cape" parent="Characters/Rogue_Hooded/Rig/Skeleton3D" index="5"]
transform = Transform3D(0.996247, 0.000376585, 0.0865567, 0.000141884, 0.999982, -0.00598371, -0.0865574, 0.00597353, 0.996229, 0.000198702, 1.19845, 0.00377251)

[node name="Barbarian" parent="Characters" instance=ExtResource("3_wd3uh")]
transform = Transform3D(0.957637, 0, -0.287979, 0, 1, 0, 0.287979, 0, 0.957637, 0.549507, 0, -0.252919)

[node name="Skeleton3D" parent="Characters/Barbarian/Rig" index="0"]
bones/1/position = Vector3(1.05307e-18, 0.38808, -1.05307e-18)
bones/4/rotation = Quaternion(-0.558412, -0.0597204, -0.641866, 0.522128)
bones/5/rotation = Quaternion(2.92172e-08, -5.49626e-08, -0.50075, 0.865592)
bones/7/rotation = Quaternion(-0.32139, -0.328202, 0.1474, 0.875937)
bones/8/rotation = Quaternion(0.000182477, 0.000182464, -0.706437, 0.707776)
bones/11/rotation = Quaternion(-0.616752, 0.0797119, 0.616327, 0.48312)
bones/12/rotation = Quaternion(2.50605e-08, 5.07899e-08, 0.523715, 0.851894)
bones/14/rotation = Quaternion(-0.319795, 0.303687, -0.229152, 0.867753)
bones/15/rotation = Quaternion(0.000512488, 0.000603633, 0.706575, 0.707637)
bones/22/rotation = Quaternion(0.9932, 0.0826098, 0.0737485, 0.0359127)
bones/23/rotation = Quaternion(0.246644, 6.41078e-08, -1.72368e-07, 0.969106)
bones/24/rotation = Quaternion(-0.545118, -0.205404, 0.0514695, 0.811176)
bones/26/rotation = Quaternion(0.996318, -0.0299904, 0.0307605, 0.0741958)
bones/27/rotation = Quaternion(0.318705, -6.33428e-08, 2.21707e-07, 0.947854)
bones/28/rotation = Quaternion(-0.57642, 0.112965, -0.0114933, 0.809226)
bones/45/position = Vector3(0.520841, 0.786215, -0.0576373)
bones/47/position = Vector3(-0.510844, 0.786215, 0.0597369)

[node name="1H_Axe_Offhand" parent="Characters/Barbarian/Rig/Skeleton3D" index="0"]
transform = Transform3D(0.000375356, 0.264338, 0.964429, 0.999969, -0.00760823, 0.00169641, 0.00778632, 0.9644, -0.264333, 0.516493, 0.635531, 0.0135697)

[node name="Barbarian_Round_Shield" parent="Characters/Barbarian/Rig/Skeleton3D" index="1"]
transform = Transform3D(0.000375148, 0.264338, 0.964429, 0.999969, -0.00761075, 0.00169731, 0.00778899, 0.9644, -0.264333, 0.662525, 0.63592, -0.043353)

[node name="1H_Axe" parent="Characters/Barbarian/Rig/Skeleton3D" index="2"]
transform = Transform3D(2.28315e-05, -0.149944, 0.988694, 0.999973, -0.00720136, -0.00111562, 0.0072876, 0.988668, 0.14994, -0.495716, 0.639574, 0.141047)

[node name="2H_Axe" parent="Characters/Barbarian/Rig/Skeleton3D" index="3"]
transform = Transform3D(2.28315e-05, -0.149944, 0.988694, 0.999973, -0.00720136, -0.00111562, 0.0072876, 0.988668, 0.14994, -0.495716, 0.639574, 0.141047)

[node name="Mug" parent="Characters/Barbarian/Rig/Skeleton3D" index="4"]
transform = Transform3D(2.28315e-05, -0.149944, 0.988694, 0.999973, -0.00720136, -0.00111562, 0.0072876, 0.988668, 0.14994, -0.488383, 0.339369, 0.090465)

[node name="Barbarian_Hat" parent="Characters/Barbarian/Rig/Skeleton3D" index="5"]
transform = Transform3D(0.999683, 0.000374566, 0.0251748, -0.00022786, 0.999983, -0.00583013, -0.0251765, 0.00582254, 0.999666, 0.000232892, 1.19883, 0.00365241)

[node name="Barbarian_Cape" parent="Characters/Barbarian/Rig/Skeleton3D" index="6"]
transform = Transform3D(0.996142, 0.000374563, 0.087758, 0.000137864, 0.999983, -0.00583295, -0.0877587, 0.00582254, 0.996125, 0.000230984, 1.19883, 0.00365258)

[node name="DirectionalLight3D" type="DirectionalLight3D" parent="."]
transform = Transform3D(0.998572, 0.0477985, -0.0238551, -0.0170119, 0.707835, 0.706173, 0.0506395, -0.704759, 0.707637, 0.289022, 8.21207, 0)
shadow_enabled = true

[node name="Floor2" type="StaticBody3D" parent="."]

[node name="Floor" type="MeshInstance3D" parent="Floor2"]
transform = Transform3D(30, 0, 0, 0, 30, 0, 0, 0, 30, 0, 0, 0)
visible = false
mesh = SubResource("PlaneMesh_o8vr5")
skeleton = NodePath("../..")

[node name="CollisionShape3D" type="CollisionShape3D" parent="Floor2"]
transform = Transform3D(30, 0, 0, 0, -1.31134e-06, 30, 0, -30, -1.31134e-06, 0, 0, 0)
shape = SubResource("BoxShape3D_lknay")

[node name="Portal" parent="." instance=ExtResource("10_wksuf")]
transform = Transform3D(1, 0, 0, 0, 1, 0, 0, 0, 1, 6.21744, 0, 16.0452)

[node name="Hideout" parent="." instance=ExtResource("3_uheyo")]
transform = Transform3D(-1, 0, -8.74228e-08, 0, 1, 0, 8.74228e-08, 0, -1, 0, 0, 0)

[node name="Deaths" type="Label" parent="."]
offset_top = 40.0
offset_right = 237.0
offset_bottom = 101.0
theme_override_fonts/font = ExtResource("8_f8y4w")
theme_override_font_sizes/font_size = 50
text = "Deaths:"

[node name="Score" type="Label" parent="."]
offset_right = 526.0
offset_bottom = 61.0
theme_override_fonts/font = ExtResource("8_f8y4w")
theme_override_font_sizes/font_size = 50
text = "Max Score: 10/10"

[node name="Transition" parent="." instance=ExtResource("5_1qjme")]
position = Vector2(1, 0)

[node name="CharacterLabel" type="Label" parent="."]
anchors_preset = 5
anchor_left = 0.5
anchor_right = 0.5
offset_left = -20.0
offset_right = 20.0
offset_bottom = 23.0
grow_horizontal = 2

[node name="Button" type="Button" parent="."]
anchors_preset = 7
anchor_left = 0.5
anchor_top = 1.0
anchor_right = 0.5
anchor_bottom = 1.0
offset_left = -111.0
offset_top = -79.0
offset_right = 114.0
grow_horizontal = 2
grow_vertical = 0
text = "Select"

[connection signal="pressed" from="Button" to="." method="_on_button_pressed"]

[editable path="Characters/Rogue_Hooded"]
[editable path="Characters/Barbarian"]
