[gd_scene load_steps=16 format=3 uid="uid://ckf3ipmwutb47"]

[ext_resource type="PackedScene" uid="uid://csqg2v0p2s8yw" path="res://player/rogue/rogue_hooded.tscn" id="2_aurua"]
[ext_resource type="PackedScene" uid="uid://dh7eqkenjyvhp" path="res://hideout/hideout.tscn" id="3_uheyo"]
[ext_resource type="PackedScene" uid="uid://dawwbik4sgvk7" path="res://player/barbarian/barbarian.tscn" id="3_wd3uh"]
[ext_resource type="Material" uid="uid://cuinop16et3w1" path="res://assets/resources/grass_material.tres" id="4_vr2du"]
[ext_resource type="PackedScene" uid="uid://ds52ra1i0aaov" path="res://transition/transition.tscn" id="5_1qjme"]
[ext_resource type="PackedScene" uid="uid://dcbt3cxtuaj55" path="res://player/mage/mage.tscn" id="7_kerki"]
[ext_resource type="FontFile" uid="uid://dxh1exxrby0bd" path="res://addons/editor-plugin/fonts/Diablo Heavy.ttf" id="8_f8y4w"]
[ext_resource type="Texture2D" uid="uid://c3ty78dhu6mmv" path="res://assets/panorama/panorama_image.png" id="9_xeoei"]
[ext_resource type="PackedScene" uid="uid://ci7p6fwa6jxd" path="res://portal/portal.tscn" id="10_wksuf"]

[sub_resource type="GDScript" id="GDScript_1jutb"]
script/source = "extends Node3D

@onready var transition = $Transition
@onready var score_max = $Score
@onready var deaths = $Deaths

var current_selected_character_name
var selection_area = preload(\"res://player/selection_area.tscn\")

# Called when the node enters the scene tree for the first time. 
func _ready():
	transition.get_node(\"AnimationPlayer\").play(\"fade_in\")
	score_max.text = \"Best Score: \" + str(Global.best_score)
	deaths.text = \"Deaths: \" + str(Global.deaths)
	
	for character in $Characters.get_children():
		var selection_area_ins = selection_area.instantiate()
		character.add_child(selection_area_ins)
		
func character_selected(character_name):
	current_selected_character_name = character_name
	$CharacterLabel.text = current_selected_character_name
	for character in $Characters.get_children():
		print(\"Get child count of \", $CharacterLabel.text, \" and it has \", character.get_child_count()-1, \" Childs\")
		character.get_node(\"SelectionPath\").hide_selection()
		#character.get_child(character.get_child_count()-1).hide_selection()


func _on_button_pressed():
	if current_selected_character_name:
		transition.get_node(\"AnimationPlayer\").play(\"fade_out\")
		await get_tree().create_timer(1).timeout
		GameManager.set_player_character(current_selected_character_name)
		get_tree().change_scene_to_file(\"res://level/level2/level_2.tscn\")
"

[sub_resource type="PanoramaSkyMaterial" id="PanoramaSkyMaterial_eycid"]
panorama = ExtResource("9_xeoei")

[sub_resource type="Sky" id="Sky_oax1t"]
sky_material = SubResource("PanoramaSkyMaterial_eycid")

[sub_resource type="Environment" id="Environment_wbfuk"]
background_mode = 2
sky = SubResource("Sky_oax1t")

[sub_resource type="PlaneMesh" id="PlaneMesh_o8vr5"]
material = ExtResource("4_vr2du")

[sub_resource type="BoxShape3D" id="BoxShape3D_lknay"]
size = Vector3(2, 2, 0)

[node name="Level1" type="Node3D"]
script = SubResource("GDScript_1jutb")

[node name="WorldEnvironment" type="WorldEnvironment" parent="."]
environment = SubResource("Environment_wbfuk")

[node name="Characters" type="Node" parent="."]

[node name="Mage" parent="Characters" instance=ExtResource("7_kerki")]
transform = Transform3D(1, 0, 1.74846e-07, 0, 1, 0, -1.74846e-07, 0, 1, 0, 0, 11)

[node name="Rogue_Hooded" parent="Characters" instance=ExtResource("2_aurua")]
transform = Transform3D(-0.688582, 0, -0.725158, 0, 1, 0, 0.725158, 0, -0.688582, -6.52419, 0, 4.73239)
script = null

[node name="Skeleton3D" parent="Characters/Rogue_Hooded/Rig" index="0"]
bones/0/position = Vector3(0, 7.2331e-05, 0)
bones/1/position = Vector3(7.2804e-19, 0.391793, -3.27368e-19)
bones/1/rotation = Quaternion(0.00118712, 0.0426624, 9.19731e-05, 0.999089)
bones/2/rotation = Quaternion(0.00132794, -0.000327765, 2.02122e-06, 0.999999)
bones/3/rotation = Quaternion(0.000504092, 8.5012e-05, -8.05663e-05, 1)
bones/4/rotation = Quaternion(-0.559742, -0.0609799, -0.644431, 0.517377)
bones/5/rotation = Quaternion(3.08426e-08, -4.71044e-08, -0.493955, 0.869488)
bones/7/rotation = Quaternion(-0.320921, -0.325323, 0.145327, 0.877528)
bones/8/rotation = Quaternion(6.49931e-05, 6.49817e-05, -0.706868, 0.707345)
bones/10/rotation = Quaternion(-0.618114, 0.0808295, 0.618416, 0.478502)
bones/11/rotation = Quaternion(3.32227e-08, 4.03216e-08, 0.517209, 0.855859)
bones/13/rotation = Quaternion(-0.319152, 0.300484, -0.226949, 0.869681)
bones/14/rotation = Quaternion(0.000207453, 0.000244346, 0.706892, 0.707322)
bones/21/position = Vector3(0.170945, 0.113587, -0.00101225)
bones/21/rotation = Quaternion(0.993832, 0.0827836, 0.0726387, 0.013002)
bones/22/rotation = Quaternion(0.20543, 6.29538e-08, -1.37522e-07, 0.978672)
bones/23/rotation = Quaternion(-0.519211, -0.206972, 0.0437763, 0.82805)
bones/24/rotation = Quaternion(-2.9699e-08, 0.919356, -0.393427, 6.93984e-08)
bones/25/position = Vector3(-0.170945, 0.113587, 0.00101227)
bones/25/rotation = Quaternion(0.996893, -0.0289605, 0.0313306, 0.0662141)
bones/26/rotation = Quaternion(0.280404, -6.37747e-08, 1.96666e-07, 0.959882)
bones/27/rotation = Quaternion(-0.559771, 0.113179, -0.00878695, 0.820835)
bones/28/rotation = Quaternion(3.04806e-08, 0.920355, -0.391084, -6.94884e-08)
bones/29/position = Vector3(0.170945, 0.293308, 0.57681)
bones/30/position = Vector3(0.20182, 0.0261421, 0.199881)
bones/30/rotation = Quaternion(-0.701738, -7.10149e-08, -7.00361e-08, 0.712435)
bones/36/position = Vector3(-0.170945, 0.293308, 0.57681)
bones/37/position = Vector3(-0.170945, 0.0271007, 0.248922)
bones/37/rotation = Quaternion(-0.707171, -7.0607e-08, -7.04596e-08, 0.707042)
bones/44/position = Vector3(0.520841, 0.787814, -0.0576373)
bones/46/position = Vector3(-0.510844, 0.787814, 0.0597369)

[node name="Knife_Offhand" parent="Characters/Rogue_Hooded/Rig/Skeleton3D" index="0"]
transform = Transform3D(0.000380273, 0.260838, 0.965382, 0.999976, -0.00658369, 0.00138531, 0.00671735, 0.96536, -0.260835, 0.507705, 0.636077, -0.0171271)

[node name="1H_Crossbow" parent="Characters/Rogue_Hooded/Rig/Skeleton3D" index="1"]
transform = Transform3D(0.988287, -0.1526, -0.000236465, -0.00124288, -0.00649763, -0.999977, 0.152596, 0.988266, -0.00661145, -0.489763, 0.744726, 0.0963751)

[node name="2H_Crossbow" parent="Characters/Rogue_Hooded/Rig/Skeleton3D" index="2"]
transform = Transform3D(0.988287, -0.1526, -0.000236465, -0.00124288, -0.00649763, -0.999977, 0.152596, 0.988266, -0.00661145, -0.489763, 0.744726, 0.0963751)

[node name="Knife" parent="Characters/Rogue_Hooded/Rig/Skeleton3D" index="3"]
transform = Transform3D(0.00023647, -0.1526, 0.988287, 0.999977, -0.00649748, -0.00124286, 0.0066113, 0.988266, 0.152595, -0.491368, 0.640033, 0.10592)

[node name="Throwable" parent="Characters/Rogue_Hooded/Rig/Skeleton3D" index="4"]
transform = Transform3D(0.000236485, -0.1526, 0.988287, 0.999977, -0.00649747, -0.00124287, 0.00661129, 0.988266, 0.152596, -0.518874, 0.638862, 0.284051)

[node name="Rogue_Cape" parent="Characters/Rogue_Hooded/Rig/Skeleton3D" index="5"]
transform = Transform3D(0.996454, 0.000381215, 0.0841448, 0.0001265, 0.999982, -0.00602842, -0.0841456, 0.00601768, 0.996435, 0.000127572, 1.20207, 0.00380558)

[node name="Barbarian" parent="Characters" instance=ExtResource("3_wd3uh")]
transform = Transform3D(0.957637, 0, -0.287979, 0, 1, 0, 0.287979, 0, 0.957637, 0.549507, 0, -0.252919)

[node name="Skeleton3D" parent="Characters/Barbarian/Rig" index="0"]
bones/0/position = Vector3(0, 0.00054945, 0)
bones/0/rotation = Quaternion(-1.06819e-11, -0.000310285, -1.85015e-11, 1)
bones/1/position = Vector3(1.05307e-18, 0.392233, -1.05307e-18)
bones/1/rotation = Quaternion(0.00110891, 0.0426621, 8.86518e-05, 0.999089)
bones/2/rotation = Quaternion(0.00131789, 0.00145746, -0.000139557, 0.999998)
bones/3/rotation = Quaternion(0.00049469, 0.000113668, 6.68642e-05, 1)
bones/4/rotation = Quaternion(-0.559742, -0.0609799, -0.644431, 0.517377)
bones/5/rotation = Quaternion(3.08426e-08, -4.71044e-08, -0.493955, 0.869488)
bones/7/rotation = Quaternion(-0.320921, -0.325323, 0.145327, 0.877528)
bones/8/rotation = Quaternion(6.49931e-05, 6.49817e-05, -0.706868, 0.707345)
bones/11/rotation = Quaternion(-0.618114, 0.0808295, 0.618416, 0.478502)
bones/12/rotation = Quaternion(3.32227e-08, 4.03216e-08, 0.517209, 0.855859)
bones/14/rotation = Quaternion(-0.319152, 0.300484, -0.226949, 0.869681)
bones/15/rotation = Quaternion(0.000207453, 0.000244346, 0.706892, 0.707322)
bones/19/rotation = Quaternion(-5.80608e-11, -0.0313417, -1.88012e-09, 0.999509)
bones/22/position = Vector3(0.170945, 0.113587, 0.0011582)
bones/22/rotation = Quaternion(0.993783, 0.083017, 0.0723454, 0.0164033)
bones/23/rotation = Quaternion(0.195868, 6.31512e-08, -1.3083e-07, 0.98063)
bones/24/rotation = Quaternion(-0.518729, -0.207028, 0.0436483, 0.828345)
bones/25/rotation = Quaternion(-3.04832e-08, 0.920355, -0.391084, 6.94783e-08)
bones/26/position = Vector3(-0.170945, 0.113587, -0.00115817)
bones/26/rotation = Quaternion(0.997332, -0.0291725, 0.0311496, 0.0592301)
bones/27/rotation = Quaternion(0.280248, -6.37503e-08, 1.96576e-07, 0.959928)
bones/28/rotation = Quaternion(-0.555857, 0.113241, -0.00825417, 0.823487)
bones/29/rotation = Quaternion(3.04807e-08, 0.920355, -0.391084, -6.94914e-08)
bones/30/rotation = Quaternion(0.707107, -2.29302e-07, -4.60552e-08, 0.707107)
bones/31/position = Vector3(0.20182, 0.0297528, 0.20974)
bones/31/rotation = Quaternion(-0.710807, -7.01236e-08, -7.09308e-08, 0.703388)
bones/32/rotation = Quaternion(9.54712e-09, 1.75913e-09, 0.986047, -0.166466)
bones/33/rotation = Quaternion(-1.04035e-07, 0.391084, 0.920355, -2.9526e-08)
bones/35/rotation = Quaternion(1, 8.81481e-12, 1.94707e-07, 1.10423e-12)
bones/37/rotation = Quaternion(0.707107, -3.82385e-08, 1.45009e-07, 0.707107)
bones/38/position = Vector3(-0.170945, 0.0272927, 0.237432)
bones/38/rotation = Quaternion(-0.698976, -7.13945e-08, -6.96457e-08, 0.715145)
bones/39/rotation = Quaternion(-5.76853e-09, 6.36406e-10, 0.994929, 0.100582)
bones/40/rotation = Quaternion(-1.04035e-07, 0.391084, 0.920355, -2.95261e-08)
bones/42/rotation = Quaternion(1, 1.01193e-11, 1.9471e-07, -4.41691e-12)
bones/45/position = Vector3(0.520841, 0.787814, -0.0576373)
bones/45/rotation = Quaternion(0.794627, -1.11759e-07, 0.607098, -5.96046e-08)
bones/47/position = Vector3(-0.510844, 0.787814, 0.0597369)
bones/47/rotation = Quaternion(-0.758253, -1.52737e-07, 0.651961, -1.11759e-08)

[node name="1H_Axe_Offhand" parent="Characters/Barbarian/Rig/Skeleton3D" index="0"]
transform = Transform3D(0.000376361, 0.264338, 0.964429, 0.999978, -0.00638932, 0.00136127, 0.0065222, 0.964408, -0.264334, 0.516556, 0.636792, 0.0131274)

[node name="Barbarian_Round_Shield" parent="Characters/Barbarian/Rig/Skeleton3D" index="1"]
transform = Transform3D(0.000376154, 0.264337, 0.964429, 0.999978, -0.00639184, 0.00136217, 0.00652487, 0.964409, -0.264334, 0.662588, 0.637109, -0.0437956)

[node name="1H_Axe" parent="Characters/Barbarian/Rig/Skeleton3D" index="2"]
transform = Transform3D(0.000232006, -0.149015, 0.988834, 0.999979, -0.00631015, -0.00118588, 0.00641661, 0.988814, 0.149011, -0.495839, 0.640747, 0.14061)

[node name="2H_Axe" parent="Characters/Barbarian/Rig/Skeleton3D" index="3"]
transform = Transform3D(0.000232006, -0.149015, 0.988834, 0.999979, -0.00631015, -0.00118588, 0.00641661, 0.988814, 0.149011, -0.495839, 0.640747, 0.14061)

[node name="Mug" parent="Characters/Barbarian/Rig/Skeleton3D" index="4"]
transform = Transform3D(0.000232006, -0.149015, 0.988834, 0.999979, -0.00631015, -0.00118588, 0.00641661, 0.988814, 0.149011, -0.488615, 0.340496, 0.0902827)

[node name="Barbarian_Hat" parent="Characters/Barbarian/Rig/Skeleton3D" index="5"]
transform = Transform3D(0.999683, 0.000374566, 0.0251747, -0.00022786, 0.999983, -0.00583013, -0.0251765, 0.00582254, 0.999666, 0.000232892, 1.20298, 0.00365241)

[node name="Barbarian_Cape" parent="Characters/Barbarian/Rig/Skeleton3D" index="6"]
transform = Transform3D(0.996142, 0.000374562, 0.0877581, 0.000137864, 0.999983, -0.00583295, -0.0877588, 0.00582254, 0.996125, 0.000230983, 1.20298, 0.00365257)

[node name="DirectionalLight3D" type="DirectionalLight3D" parent="."]
transform = Transform3D(0.998572, 0.0477985, -0.0238551, -0.0170119, 0.707835, 0.706173, 0.0506395, -0.704759, 0.707637, 0.289022, 8.21207, 0)
shadow_enabled = true

[node name="Floor2" type="StaticBody3D" parent="."]

[node name="Floor" type="MeshInstance3D" parent="Floor2"]
transform = Transform3D(30, 0, 0, 0, 30, 0, 0, 0, 30, 0, 0, 0)
visible = false
mesh = SubResource("PlaneMesh_o8vr5")
skeleton = NodePath("../..")

[node name="CollisionShape3D" type="CollisionShape3D" parent="Floor2"]
transform = Transform3D(30, 0, 0, 0, -1.31134e-06, 30, 0, -30, -1.31134e-06, 0, 0, 0)
shape = SubResource("BoxShape3D_lknay")

[node name="Portal" parent="." instance=ExtResource("10_wksuf")]
transform = Transform3D(1, 0, 0, 0, 1, 0, 0, 0, 1, 6.21744, 0, 16.0452)

[node name="Hideout" parent="." instance=ExtResource("3_uheyo")]
transform = Transform3D(-1, 0, -8.74228e-08, 0, 1, 0, 8.74228e-08, 0, -1, 0, 0, 0)

[node name="Deaths" type="Label" parent="."]
offset_top = 40.0
offset_right = 237.0
offset_bottom = 101.0
theme_override_fonts/font = ExtResource("8_f8y4w")
theme_override_font_sizes/font_size = 50
text = "Deaths:"

[node name="Score" type="Label" parent="."]
offset_right = 526.0
offset_bottom = 61.0
theme_override_fonts/font = ExtResource("8_f8y4w")
theme_override_font_sizes/font_size = 50
text = "Max Score: 10/10"

[node name="Transition" parent="." instance=ExtResource("5_1qjme")]
position = Vector2(1, 0)

[node name="CharacterLabel" type="Label" parent="."]
anchors_preset = 5
anchor_left = 0.5
anchor_right = 0.5
offset_left = -20.0
offset_right = 20.0
offset_bottom = 23.0
grow_horizontal = 2

[node name="Button" type="Button" parent="."]
anchors_preset = 7
anchor_left = 0.5
anchor_top = 1.0
anchor_right = 0.5
anchor_bottom = 1.0
offset_left = -111.0
offset_top = -79.0
offset_right = 114.0
grow_horizontal = 2
grow_vertical = 0
text = "Select"

[connection signal="pressed" from="Button" to="." method="_on_button_pressed"]

[editable path="Characters/Rogue_Hooded"]
[editable path="Characters/Barbarian"]
