[gd_scene load_steps=12 format=3 uid="uid://ckf3ipmwutb47"]

[ext_resource type="PackedScene" uid="uid://csqg2v0p2s8yw" path="res://player/rogue_hooded.tscn" id="2_aurua"]
[ext_resource type="PackedScene" uid="uid://dh7eqkenjyvhp" path="res://hideout/hideout.tscn" id="3_uheyo"]
[ext_resource type="PackedScene" uid="uid://dawwbik4sgvk7" path="res://player/barbarian.tscn" id="3_wd3uh"]
[ext_resource type="PackedScene" uid="uid://ds52ra1i0aaov" path="res://transition/transition.tscn" id="5_1qjme"]
[ext_resource type="FontFile" uid="uid://dxh1exxrby0bd" path="res://globals/Diablo Heavy.ttf" id="6_kd8a7"]
[ext_resource type="PackedScene" uid="uid://dcbt3cxtuaj55" path="res://player/mage.tscn" id="7_kerki"]
[ext_resource type="PackedScene" uid="uid://ci7p6fwa6jxd" path="res://portal/portal.tscn" id="10_wksuf"]

[sub_resource type="GDScript" id="GDScript_1jutb"]
script/source = "extends Node3D

@onready var transition = $Transition
@onready var score_max = $Score
@onready var deaths = $Deaths

var current_selected_character_name
var selection_area = preload(\"res://player/selection_area.tscn\")

# Called when the node enters the scene tree for the first time.
func _ready():
	transition.get_node(\"AnimationPlayer\").play(\"fade_in\")
	score_max.text = \"Best Score: \" + str(Global.best_score)
	deaths.text = \"Deaths: \" + str(Global.deaths)
	
	for character in $Characters.get_children():
		var selection_area_ins = selection_area.instantiate()
		character.add_child(selection_area_ins)
		
func character_selected(character_name):
	current_selected_character_name = character_name
	$CharacterLabel.text = current_selected_character_name
	for character in $Characters.get_children():
		character.get_child(character.get_child_count()-1).hide_selection()


func _on_button_pressed():
	if current_selected_character_name:
		GameManager.set_player_character(current_selected_character_name)
		get_tree().change_scene_to_file(\"res://level/level2/level_2.tscn\")
"

[sub_resource type="StandardMaterial3D" id="StandardMaterial3D_n72or"]
albedo_color = Color(0.0784314, 0.239216, 0.0627451, 1)

[sub_resource type="PlaneMesh" id="PlaneMesh_o8vr5"]
material = SubResource("StandardMaterial3D_n72or")

[sub_resource type="BoxShape3D" id="BoxShape3D_lknay"]
size = Vector3(2, 2, 0)

[node name="Level1" type="Node3D"]
script = SubResource("GDScript_1jutb")

[node name="Characters" type="Node" parent="."]

[node name="Mage" parent="Characters" instance=ExtResource("7_kerki")]
transform = Transform3D(1, 0, 1.74846e-07, 0, 1, 0, -1.74846e-07, 0, 1, 0, 0, 11)

[node name="Rogue_Hooded" parent="Characters" instance=ExtResource("2_aurua")]
transform = Transform3D(-0.688582, 0, -0.725158, 0, 1, 0, 0.725158, 0, -0.688582, -6.52419, 0, 4.73239)
script = null

[node name="Skeleton3D" parent="Characters/Rogue_Hooded/Rig" index="0"]
bones/0/position = Vector3(0, 0.000457858, 0)
bones/0/rotation = Quaternion(-1.06819e-11, -0.000310285, -1.85015e-11, 1)
bones/1/position = Vector3(2.63177e-19, 0.377409, -1.05307e-18)
bones/1/rotation = Quaternion(0.00112937, 0.0426622, 8.95208e-05, 0.999089)
bones/2/rotation = Quaternion(0.00131921, 0.00132563, -0.0001294, 0.999998)
bones/3/rotation = Quaternion(0.00049536, 0.000111635, 5.6394e-05, 1)
bones/4/rotation = Quaternion(-0.551509, -0.0619937, -0.655186, 0.512568)
bones/5/rotation = Quaternion(2.27816e-08, -5.79102e-08, -0.480609, 0.876935)
bones/7/rotation = Quaternion(-0.31698, -0.331016, 0.135609, 0.878386)
bones/8/rotation = Quaternion(0.00164071, 0.0016407, -0.701057, 0.713101)
bones/10/rotation = Quaternion(-0.610954, 0.0821712, 0.628336, 0.474529)
bones/11/rotation = Quaternion(1.63477e-08, 4.52339e-08, 0.504475, 0.863426)
bones/13/rotation = Quaternion(-0.315674, 0.305338, -0.217366, 0.871706)
bones/14/rotation = Quaternion(0.00434884, 0.0051223, 0.702569, 0.711584)
bones/19/rotation = Quaternion(-5.8061e-11, -0.0313416, -1.88013e-09, 0.999509)
bones/21/position = Vector3(0.170945, 0.113587, 0.0011398)
bones/21/rotation = Quaternion(0.99099, 0.0827181, 0.0760637, 0.0728731)
bones/22/rotation = Quaternion(0.343133, 6.15166e-08, -2.44861e-07, 0.939287)
bones/23/rotation = Quaternion(-0.594769, -0.201312, 0.0671766, 0.775377)
bones/24/rotation = Quaternion(-3.04835e-08, 0.920355, -0.391084, 6.94797e-08)
bones/25/position = Vector3(-0.170945, 0.113587, -0.00113977)
bones/25/rotation = Quaternion(0.993572, -0.0318175, 0.0299515, 0.104426)
bones/26/rotation = Quaternion(0.396516, -6.04901e-08, 2.7721e-07, 0.918028)
bones/27/rotation = Quaternion(-0.618373, 0.112065, -0.0184278, 0.777636)
bones/28/rotation = Quaternion(2.98443e-08, 0.920165, -0.391532, -6.93276e-08)
bones/29/position = Vector3(0.170945, 0.292497, 0.575999)
bones/29/rotation = Quaternion(0.707107, -2.29302e-07, -4.60552e-08, 0.707107)
bones/30/position = Vector3(0.20182, 0.0296358, 0.209716)
bones/30/rotation = Quaternion(-0.710275, -7.01201e-08, -7.09062e-08, 0.703924)
bones/31/rotation = Quaternion(9.54712e-09, 1.75913e-09, 0.986047, -0.166466)
bones/32/rotation = Quaternion(-1.04035e-07, 0.391084, 0.920355, -2.9526e-08)
bones/34/rotation = Quaternion(1, 8.81481e-12, 1.94707e-07, 1.10423e-12)
bones/36/position = Vector3(-0.170945, 0.292497, 0.575999)
bones/36/rotation = Quaternion(0.707107, -3.82385e-08, 1.45009e-07, 0.707107)
bones/37/position = Vector3(-0.170945, 0.0272532, 0.237538)
bones/37/rotation = Quaternion(-0.699066, -7.13572e-08, -6.9696e-08, 0.715057)
bones/38/rotation = Quaternion(-5.76853e-09, 6.36406e-10, 0.994929, 0.100582)
bones/39/rotation = Quaternion(-1.04035e-07, 0.391084, 0.920355, -2.95261e-08)
bones/41/rotation = Quaternion(1, 1.01193e-11, 1.9471e-07, -4.41691e-12)
bones/44/position = Vector3(0.520841, 0.767859, -0.0576374)
bones/44/rotation = Quaternion(0.794627, -1.11759e-07, 0.607098, -5.96046e-08)
bones/46/position = Vector3(-0.510844, 0.767859, 0.0597369)
bones/46/rotation = Quaternion(-0.758253, -1.52737e-07, 0.651961, -1.11759e-08)

[node name="Knife_Offhand" parent="Characters/Rogue_Hooded/Rig/Skeleton3D" index="0"]
transform = Transform3D(0.000426339, 0.264063, 0.964505, 0.999722, -0.0228345, 0.00581008, 0.0235586, 0.964235, -0.263999, 0.507317, 0.616005, -0.0200002)

[node name="1H_Crossbow" parent="Characters/Rogue_Hooded/Rig/Skeleton3D" index="1"]
transform = Transform3D(0.986808, -0.161868, 0.00268331, -0.000312753, -0.0184797, -0.999828, 0.16189, 0.986639, -0.0182869, -0.489274, 0.724575, 0.0981244)

[node name="2H_Crossbow" parent="Characters/Rogue_Hooded/Rig/Skeleton3D" index="2"]
transform = Transform3D(0.986808, -0.161868, 0.00268331, -0.000312753, -0.0184797, -0.999828, 0.16189, 0.986639, -0.0182869, -0.489274, 0.724575, 0.0981244)

[node name="Knife" parent="Characters/Rogue_Hooded/Rig/Skeleton3D" index="3"]
transform = Transform3D(-0.0026833, -0.161868, 0.986808, 0.999828, -0.0184795, -0.00031273, 0.0182867, 0.986639, 0.16189, -0.49067, 0.619773, 0.106431)

[node name="Throwable" parent="Characters/Rogue_Hooded/Rig/Skeleton3D" index="4"]
transform = Transform3D(-0.00268329, -0.161868, 0.986808, 0.999828, -0.0184795, -0.000312746, 0.0182867, 0.986639, 0.16189, -0.519846, 0.616442, 0.284269)

[node name="Rogue_Cape" parent="Characters/Rogue_Hooded/Rig/Skeleton3D" index="5"]
transform = Transform3D(0.996165, 0.000374905, 0.0874916, 0.000139891, 0.999983, -0.00587775, -0.0874922, 0.00586745, 0.996148, 0.000225338, 1.18807, 0.00368836)

[node name="Barbarian" parent="Characters" instance=ExtResource("3_wd3uh")]
transform = Transform3D(0.957637, 0, -0.287979, 0, 1, 0, 0.287979, 0, 0.957637, 0.549507, 0, -0.252919)

[node name="Skeleton3D" parent="Characters/Barbarian/Rig" index="0"]
bones/0/position = Vector3(0, 0.00054945, 0)
bones/0/rotation = Quaternion(-1.06819e-11, -0.000310285, -1.85015e-11, 1)
bones/1/position = Vector3(1.05307e-18, 0.377412, -1.05307e-18)
bones/1/rotation = Quaternion(0.00110891, 0.0426621, 8.86518e-05, 0.999089)
bones/2/rotation = Quaternion(0.00131789, 0.00145746, -0.000139557, 0.999998)
bones/3/rotation = Quaternion(0.00049469, 0.000113668, 6.68642e-05, 1)
bones/4/rotation = Quaternion(-0.551509, -0.0619937, -0.655186, 0.512568)
bones/5/rotation = Quaternion(2.27816e-08, -5.79102e-08, -0.480609, 0.876935)
bones/7/rotation = Quaternion(-0.31698, -0.331016, 0.135609, 0.878386)
bones/8/rotation = Quaternion(0.00164071, 0.0016407, -0.701057, 0.713101)
bones/11/rotation = Quaternion(-0.610954, 0.0821712, 0.628336, 0.474529)
bones/12/rotation = Quaternion(1.63477e-08, 4.52339e-08, 0.504475, 0.863426)
bones/14/rotation = Quaternion(-0.315674, 0.305338, -0.217366, 0.871706)
bones/15/rotation = Quaternion(0.00434884, 0.0051223, 0.702569, 0.711584)
bones/19/rotation = Quaternion(-5.80608e-11, -0.0313417, -1.88012e-09, 0.999509)
bones/22/position = Vector3(0.170945, 0.113587, 0.0011582)
bones/22/rotation = Quaternion(0.991097, 0.0826033, 0.0761872, 0.0714018)
bones/23/rotation = Quaternion(0.339692, 6.15893e-08, -2.42444e-07, 0.940537)
bones/24/rotation = Quaternion(-0.593557, -0.201416, 0.0668601, 0.776306)
bones/25/rotation = Quaternion(-3.04832e-08, 0.920355, -0.391084, 6.94783e-08)
bones/26/position = Vector3(-0.170945, 0.113587, -0.00115817)
bones/26/rotation = Quaternion(0.993582, -0.0318206, 0.0299487, 0.104332)
bones/27/rotation = Quaternion(0.396381, -6.04803e-08, 2.77075e-07, 0.918086)
bones/28/rotation = Quaternion(-0.618216, 0.112069, -0.0184053, 0.77776)
bones/29/rotation = Quaternion(3.04807e-08, 0.920355, -0.391084, -6.94914e-08)
bones/30/rotation = Quaternion(0.707107, -2.29302e-07, -4.60552e-08, 0.707107)
bones/31/position = Vector3(0.20182, 0.0297528, 0.20974)
bones/31/rotation = Quaternion(-0.710807, -7.01236e-08, -7.09308e-08, 0.703388)
bones/32/rotation = Quaternion(9.54712e-09, 1.75913e-09, 0.986047, -0.166466)
bones/33/rotation = Quaternion(-1.04035e-07, 0.391084, 0.920355, -2.9526e-08)
bones/35/rotation = Quaternion(1, 8.81481e-12, 1.94707e-07, 1.10423e-12)
bones/37/rotation = Quaternion(0.707107, -3.82385e-08, 1.45009e-07, 0.707107)
bones/38/position = Vector3(-0.170945, 0.0272927, 0.237432)
bones/38/rotation = Quaternion(-0.698976, -7.13945e-08, -6.96457e-08, 0.715145)
bones/39/rotation = Quaternion(-5.76853e-09, 6.36406e-10, 0.994929, 0.100582)
bones/40/rotation = Quaternion(-1.04035e-07, 0.391084, 0.920355, -2.95261e-08)
bones/42/rotation = Quaternion(1, 1.01193e-11, 1.9471e-07, -4.41691e-12)
bones/45/position = Vector3(0.520841, 0.767859, -0.0576374)
bones/45/rotation = Quaternion(0.794627, -1.11759e-07, 0.607098, -5.96046e-08)
bones/47/position = Vector3(-0.510844, 0.767859, 0.0597369)
bones/47/rotation = Quaternion(-0.758253, -1.52737e-07, 0.651961, -1.11759e-08)

[node name="1H_Axe_Offhand" parent="Characters/Barbarian/Rig/Skeleton3D" index="0"]
transform = Transform3D(0.000430963, 0.26432, 0.964434, 0.999723, -0.0227908, 0.0057999, 0.0235135, 0.964165, -0.264257, 0.516128, 0.615341, 0.0119845)

[node name="Barbarian_Round_Shield" parent="Characters/Barbarian/Rig/Skeleton3D" index="1"]
transform = Transform3D(0.000430756, 0.26432, 0.964434, 0.999723, -0.0227933, 0.0058008, 0.0235162, 0.964165, -0.264257, 0.662161, 0.616617, -0.0449226)

[node name="1H_Axe" parent="Characters/Barbarian/Rig/Skeleton3D" index="2"]
transform = Transform3D(-0.00268034, -0.161604, 0.986851, 0.999829, -0.0184356, -0.000303675, 0.0182427, 0.986683, 0.161626, -0.496019, 0.619258, 0.139433)

[node name="2H_Axe" parent="Characters/Barbarian/Rig/Skeleton3D" index="3"]
transform = Transform3D(-0.00268034, -0.161604, 0.986851, 0.999829, -0.0184356, -0.000303675, 0.0182427, 0.986683, 0.161626, -0.496019, 0.619258, 0.139433)

[node name="Mug" parent="Characters/Barbarian/Rig/Skeleton3D" index="4"]
transform = Transform3D(-0.00268034, -0.161604, 0.986851, 0.999829, -0.0184356, -0.000303675, 0.0182427, 0.986683, 0.161626, -0.487303, 0.319646, 0.0856556)

[node name="Barbarian_Hat" parent="Characters/Barbarian/Rig/Skeleton3D" index="5"]
transform = Transform3D(0.999683, 0.000374566, 0.0251747, -0.00022786, 0.999983, -0.00583013, -0.0251765, 0.00582254, 0.999666, 0.000232892, 1.18816, 0.00365241)

[node name="Barbarian_Cape" parent="Characters/Barbarian/Rig/Skeleton3D" index="6"]
transform = Transform3D(0.996142, 0.000374562, 0.0877581, 0.000137864, 0.999983, -0.00583295, -0.0877588, 0.00582254, 0.996125, 0.000230983, 1.18816, 0.00365257)

[node name="DirectionalLight3D" type="DirectionalLight3D" parent="."]
transform = Transform3D(0.998572, 0.0477985, -0.0238551, -0.0170119, 0.707835, 0.706173, 0.0506395, -0.704759, 0.707637, 0.289022, 8.21207, 0)
shadow_enabled = true

[node name="Floor2" type="StaticBody3D" parent="."]

[node name="Floor" type="MeshInstance3D" parent="Floor2"]
transform = Transform3D(30, 0, 0, 0, 30, 0, 0, 0, 30, 0, 0, 0)
mesh = SubResource("PlaneMesh_o8vr5")
skeleton = NodePath("../..")

[node name="CollisionShape3D" type="CollisionShape3D" parent="Floor2"]
transform = Transform3D(30, 0, 0, 0, -1.31134e-06, 30, 0, -30, -1.31134e-06, 0, 0, 0)
shape = SubResource("BoxShape3D_lknay")

[node name="Portal" parent="." instance=ExtResource("10_wksuf")]
transform = Transform3D(1, 0, 0, 0, 1, 0, 0, 0, 1, 6.21744, 0, 16.0452)

[node name="Hideout" parent="." instance=ExtResource("3_uheyo")]
transform = Transform3D(-1, 0, -8.74228e-08, 0, 1, 0, 8.74228e-08, 0, -1, 0, 0, 0)

[node name="Deaths" type="Label" parent="."]
offset_top = 40.0
offset_right = 237.0
offset_bottom = 101.0
theme_override_fonts/font = ExtResource("6_kd8a7")
theme_override_font_sizes/font_size = 50
text = "Deaths:"

[node name="Score" type="Label" parent="."]
offset_right = 526.0
offset_bottom = 61.0
theme_override_fonts/font = ExtResource("6_kd8a7")
theme_override_font_sizes/font_size = 50
text = "Max Score: 10/10"

[node name="Transition" parent="." instance=ExtResource("5_1qjme")]
position = Vector2(1, 0)

[node name="CharacterLabel" type="Label" parent="."]
anchors_preset = 5
anchor_left = 0.5
anchor_right = 0.5
offset_left = -20.0
offset_right = 20.0
offset_bottom = 23.0
grow_horizontal = 2

[node name="Button" type="Button" parent="."]
anchors_preset = 7
anchor_left = 0.5
anchor_top = 1.0
anchor_right = 0.5
anchor_bottom = 1.0
offset_left = -111.0
offset_top = -79.0
offset_right = 114.0
grow_horizontal = 2
grow_vertical = 0
text = "Select"

[connection signal="pressed" from="Button" to="." method="_on_button_pressed"]

[editable path="Characters/Rogue_Hooded"]
[editable path="Characters/Barbarian"]
