[gd_scene load_steps=12 format=3 uid="uid://ckf3ipmwutb47"]

[ext_resource type="PackedScene" uid="uid://csqg2v0p2s8yw" path="res://player/rogue_hooded.tscn" id="2_aurua"]
[ext_resource type="PackedScene" uid="uid://dh7eqkenjyvhp" path="res://hideout/hideout.tscn" id="3_uheyo"]
[ext_resource type="PackedScene" uid="uid://dawwbik4sgvk7" path="res://player/barbarian.tscn" id="3_wd3uh"]
[ext_resource type="PackedScene" uid="uid://ds52ra1i0aaov" path="res://transition/transition.tscn" id="5_1qjme"]
[ext_resource type="FontFile" uid="uid://dxh1exxrby0bd" path="res://globals/Diablo Heavy.ttf" id="6_kd8a7"]
[ext_resource type="PackedScene" uid="uid://dcbt3cxtuaj55" path="res://player/mage.tscn" id="7_kerki"]
[ext_resource type="PackedScene" uid="uid://ci7p6fwa6jxd" path="res://portal/portal.tscn" id="10_wksuf"]

[sub_resource type="GDScript" id="GDScript_1jutb"]
script/source = "extends Node3D

@onready var transition = $Transition
@onready var score_max = $Score
@onready var deaths = $Deaths

var current_selected_character_name
var selection_area = preload(\"res://player/selection_area.tscn\")

# Called when the node enters the scene tree for the first time.
func _ready():
	transition.get_node(\"AnimationPlayer\").play(\"fade_in\")
	score_max.text = \"Best Score: \" + str(Global.best_score)
	deaths.text = \"Deaths: \" + str(Global.deaths)
	
	for character in $Characters.get_children():
		var selection_area_ins = selection_area.instantiate()
		character.add_child(selection_area_ins)
		
func character_selected(character_name):
	current_selected_character_name = character_name
	$CharacterLabel.text = current_selected_character_name
	for character in $Characters.get_children():
		character.get_child(character.get_child_count()-1).hide_selection()


func _on_button_pressed():
	if current_selected_character_name:
		transition.get_node(\"AnimationPlayer\").play(\"fade_out\")
		await get_tree().create_timer(1).timeout
		GameManager.set_player_character(current_selected_character_name)
		get_tree().change_scene_to_file(\"res://level/level2/level_2.tscn\")
"

[sub_resource type="StandardMaterial3D" id="StandardMaterial3D_n72or"]
albedo_color = Color(0.0784314, 0.239216, 0.0627451, 1)

[sub_resource type="PlaneMesh" id="PlaneMesh_o8vr5"]
material = SubResource("StandardMaterial3D_n72or")

[sub_resource type="BoxShape3D" id="BoxShape3D_lknay"]
size = Vector3(2, 2, 0)

[node name="Level1" type="Node3D"]
script = SubResource("GDScript_1jutb")

[node name="Characters" type="Node" parent="."]

[node name="Mage" parent="Characters" instance=ExtResource("7_kerki")]
transform = Transform3D(1, 0, 1.74846e-07, 0, 1, 0, -1.74846e-07, 0, 1, 0, 0, 11)

[node name="Rogue_Hooded" parent="Characters" instance=ExtResource("2_aurua")]
transform = Transform3D(-0.688582, 0, -0.725158, 0, 1, 0, 0.725158, 0, -0.688582, -6.52419, 0, 4.73239)
script = null

[node name="Skeleton3D" parent="Characters/Rogue_Hooded/Rig" index="0"]
bones/0/position = Vector3(0, 0.00018536, 0)
bones/0/rotation = Quaternion(-1.06819e-11, -0.000310285, -1.85015e-11, 1)
bones/1/position = Vector3(3.5573e-19, 0.371639, 3.41614e-19)
bones/1/rotation = Quaternion(0.00110891, 0.0426621, 8.86518e-05, 0.999089)
bones/2/rotation = Quaternion(0.00132362, 0.000830959, -8.98053e-05, 0.999999)
bones/3/rotation = Quaternion(0.000497915, 0.000103871, 1.64285e-05, 1)
bones/4/rotation = Quaternion(-0.550568, -0.0592117, -0.647912, 0.523048)
bones/5/rotation = Quaternion(4.00121e-08, -4.17062e-08, -0.497044, 0.867725)
bones/7/rotation = Quaternion(-0.318545, -0.335521, 0.141771, 0.875132)
bones/8/rotation = Quaternion(0.00148846, 0.00148845, -0.701621, 0.712547)
bones/10/rotation = Quaternion(-0.609725, 0.0796045, 0.622185, 0.484545)
bones/11/rotation = Quaternion(1.67364e-08, 7.66742e-08, 0.520152, 0.854074)
bones/13/rotation = Quaternion(-0.317524, 0.310639, -0.223744, 0.867537)
bones/14/rotation = Quaternion(0.00447541, 0.00527138, 0.702436, 0.711713)
bones/19/rotation = Quaternion(-5.8061e-11, -0.0313416, -1.88013e-09, 0.999509)
bones/21/position = Vector3(0.170945, 0.113587, 0.000143091)
bones/21/rotation = Quaternion(0.990061, 0.0827542, 0.077324, 0.0833749)
bones/22/rotation = Quaternion(0.379457, 6.07463e-08, -2.60189e-07, 0.92521)
bones/23/rotation = Quaternion(-0.613217, -0.19935, 0.0735356, 0.7608)
bones/24/rotation = Quaternion(-3.0471e-08, 0.920355, -0.391084, 6.94882e-08)
bones/25/position = Vector3(-0.170945, 0.113587, -0.000143063)
bones/25/rotation = Quaternion(0.991884, -0.0326153, 0.029658, 0.119257)
bones/26/rotation = Quaternion(0.432985, -5.99459e-08, 3.01829e-07, 0.901401)
bones/27/rotation = Quaternion(-0.638775, 0.111457, -0.0219029, 0.760963)
bones/28/rotation = Quaternion(3.0481e-08, 0.920355, -0.391084, -6.94899e-08)
bones/29/position = Vector3(0.170945, 0.293063, 0.576565)
bones/29/rotation = Quaternion(0.707107, -2.29302e-07, -4.60552e-08, 0.707107)
bones/30/position = Vector3(0.20182, 0.0262686, 0.2066)
bones/30/rotation = Quaternion(-0.707447, -7.04847e-08, -7.05729e-08, 0.706767)
bones/31/rotation = Quaternion(9.54712e-09, 1.75913e-09, 0.986047, -0.166466)
bones/32/rotation = Quaternion(-1.04035e-07, 0.391084, 0.920355, -2.9526e-08)
bones/34/rotation = Quaternion(1, 8.81481e-12, 1.94707e-07, 1.10423e-12)
bones/36/position = Vector3(-0.170945, 0.293063, 0.576565)
bones/36/rotation = Quaternion(0.707107, -3.82385e-08, 1.45009e-07, 0.707107)
bones/37/position = Vector3(-0.170945, 0.0266883, 0.240222)
bones/37/rotation = Quaternion(-0.700161, -7.12866e-08, -6.97581e-08, 0.713985)
bones/38/rotation = Quaternion(-5.76853e-09, 6.36406e-10, 0.994929, 0.100582)
bones/39/rotation = Quaternion(-1.04035e-07, 0.391084, 0.920355, -2.95261e-08)
bones/41/rotation = Quaternion(1, 1.01193e-11, 1.9471e-07, -4.41691e-12)
bones/44/position = Vector3(0.520841, 0.768543, -0.0576374)
bones/44/rotation = Quaternion(0.794627, -1.11759e-07, 0.607098, -5.96046e-08)
bones/46/position = Vector3(-0.510844, 0.768543, 0.0597369)
bones/46/rotation = Quaternion(-0.758253, -1.52737e-07, 0.651961, -1.11759e-08)

[node name="Knife_Offhand" parent="Characters/Rogue_Hooded/Rig/Skeleton3D" index="0"]
transform = Transform3D(0.000377986, 0.263108, 0.964766, 0.99976, -0.0211811, 0.00538512, 0.021852, 0.964533, -0.263053, 0.507253, 0.616937, -0.0183764)

[node name="1H_Crossbow" parent="Characters/Rogue_Hooded/Rig/Skeleton3D" index="1"]
transform = Transform3D(0.986581, -0.163243, 0.00278935, -0.000288094, -0.0188236, -0.999822, 0.163266, 0.986406, -0.0186184, -0.489144, 0.725705, 0.0987701)

[node name="2H_Crossbow" parent="Characters/Rogue_Hooded/Rig/Skeleton3D" index="2"]
transform = Transform3D(0.986581, -0.163243, 0.00278935, -0.000288094, -0.0188236, -0.999822, 0.163266, 0.986406, -0.0186184, -0.489144, 0.725705, 0.0987701)

[node name="Knife" parent="Characters/Rogue_Hooded/Rig/Skeleton3D" index="3"]
transform = Transform3D(-0.00278934, -0.163242, 0.986582, 0.999822, -0.0188235, -0.00028807, 0.0186183, 0.986406, 0.163266, -0.490543, 0.6209, 0.10704)

[node name="Throwable" parent="Characters/Rogue_Hooded/Rig/Skeleton3D" index="4"]
transform = Transform3D(-0.00278933, -0.163242, 0.986581, 0.999822, -0.0188235, -0.000288086, 0.0186183, 0.986406, 0.163266, -0.519967, 0.617507, 0.284836)

[node name="Rogue_Cape" parent="Characters/Rogue_Hooded/Rig/Skeleton3D" index="5"]
transform = Transform3D(0.996253, 0.000374565, 0.0864905, 0.000131987, 0.999983, -0.00585094, -0.0864912, 0.00584043, 0.996235, 0.000195476, 1.18203, 0.00366449)

[node name="Barbarian" parent="Characters" instance=ExtResource("3_wd3uh")]
transform = Transform3D(0.957637, 0, -0.287979, 0, 1, 0, 0.287979, 0, 0.957637, 0.549507, 0, -0.252919)

[node name="Skeleton3D" parent="Characters/Barbarian/Rig" index="0"]
bones/0/position = Vector3(0, 0.00054945, 0)
bones/0/rotation = Quaternion(-1.06819e-11, -0.000310285, -1.85015e-11, 1)
bones/1/position = Vector3(1.05307e-18, 0.372041, -1.05307e-18)
bones/1/rotation = Quaternion(0.00110891, 0.0426621, 8.86518e-05, 0.999089)
bones/2/rotation = Quaternion(0.00131789, 0.00145746, -0.000139557, 0.999998)
bones/3/rotation = Quaternion(0.00049469, 0.000113668, 6.68642e-05, 1)
bones/4/rotation = Quaternion(-0.550568, -0.0592117, -0.647912, 0.523048)
bones/5/rotation = Quaternion(4.00121e-08, -4.17062e-08, -0.497044, 0.867725)
bones/7/rotation = Quaternion(-0.318545, -0.335521, 0.141771, 0.875132)
bones/8/rotation = Quaternion(0.00148846, 0.00148845, -0.701621, 0.712547)
bones/11/rotation = Quaternion(-0.609725, 0.0796045, 0.622185, 0.484545)
bones/12/rotation = Quaternion(1.67364e-08, 7.66742e-08, 0.520152, 0.854074)
bones/14/rotation = Quaternion(-0.317524, 0.310639, -0.223744, 0.867537)
bones/15/rotation = Quaternion(0.00447541, 0.00527138, 0.702436, 0.711713)
bones/19/rotation = Quaternion(-5.80608e-11, -0.0313417, -1.88012e-09, 0.999509)
bones/22/position = Vector3(0.170945, 0.113587, 0.0011582)
bones/22/rotation = Quaternion(0.989873, 0.0829261, 0.0771314, 0.0855899)
bones/23/rotation = Quaternion(0.377186, 6.08239e-08, -2.58603e-07, 0.926137)
bones/24/rotation = Quaternion(-0.613184, -0.199359, 0.07352, 0.760826)
bones/25/rotation = Quaternion(-3.04832e-08, 0.920355, -0.391084, 6.94783e-08)
bones/26/position = Vector3(-0.170945, 0.113587, -0.00115817)
bones/26/rotation = Quaternion(0.992142, -0.0326842, 0.0295906, 0.117091)
bones/27/rotation = Quaternion(0.429395, -6.00227e-08, 2.99386e-07, 0.903117)
bones/28/rotation = Quaternion(-0.636147, 0.111527, -0.0215181, 0.763162)
bones/29/rotation = Quaternion(3.04807e-08, 0.920355, -0.391084, -6.94914e-08)
bones/30/rotation = Quaternion(0.707107, -2.29302e-07, -4.60552e-08, 0.707107)
bones/31/position = Vector3(0.20182, 0.0297528, 0.20974)
bones/31/rotation = Quaternion(-0.710807, -7.01236e-08, -7.09308e-08, 0.703388)
bones/32/rotation = Quaternion(9.54712e-09, 1.75913e-09, 0.986047, -0.166466)
bones/33/rotation = Quaternion(-1.04035e-07, 0.391084, 0.920355, -2.9526e-08)
bones/35/rotation = Quaternion(1, 8.81481e-12, 1.94707e-07, 1.10423e-12)
bones/37/rotation = Quaternion(0.707107, -3.82385e-08, 1.45009e-07, 0.707107)
bones/38/position = Vector3(-0.170945, 0.0272927, 0.237432)
bones/38/rotation = Quaternion(-0.698976, -7.13945e-08, -6.96457e-08, 0.715145)
bones/39/rotation = Quaternion(-5.76853e-09, 6.36406e-10, 0.994929, 0.100582)
bones/40/rotation = Quaternion(-1.04035e-07, 0.391084, 0.920355, -2.95261e-08)
bones/42/rotation = Quaternion(1, 1.01193e-11, 1.9471e-07, -4.41691e-12)
bones/45/position = Vector3(0.520841, 0.768543, -0.0576374)
bones/45/rotation = Quaternion(0.794627, -1.11759e-07, 0.607098, -5.96046e-08)
bones/47/position = Vector3(-0.510844, 0.768543, 0.0597369)
bones/47/rotation = Quaternion(-0.758253, -1.52737e-07, 0.651961, -1.11759e-08)

[node name="1H_Axe_Offhand" parent="Characters/Barbarian/Rig/Skeleton3D" index="0"]
transform = Transform3D(0.000398502, 0.264335, 0.96443, 0.999761, -0.0211623, 0.00538751, 0.0218341, 0.964198, -0.26428, 0.516074, 0.617001, 0.0131079)

[node name="Barbarian_Round_Shield" parent="Characters/Barbarian/Rig/Skeleton3D" index="1"]
transform = Transform3D(0.000398295, 0.264335, 0.96443, 0.99976, -0.0211648, 0.00538841, 0.0218367, 0.964198, -0.26428, 0.662107, 0.618186, -0.0438033)

[node name="1H_Axe" parent="Characters/Barbarian/Rig/Skeleton3D" index="2"]
transform = Transform3D(-0.00277307, -0.161987, 0.986788, 0.999822, -0.0188076, -0.000278015, 0.0186044, 0.986613, 0.162011, -0.495767, 0.621038, 0.14054)

[node name="2H_Axe" parent="Characters/Barbarian/Rig/Skeleton3D" index="3"]
transform = Transform3D(-0.00277307, -0.161987, 0.986788, 0.999822, -0.0188076, -0.000278015, 0.0186044, 0.986613, 0.162011, -0.495767, 0.621038, 0.14054)

[node name="Mug" parent="Characters/Barbarian/Rig/Skeleton3D" index="4"]
transform = Transform3D(-0.00277307, -0.161987, 0.986788, 0.999822, -0.0188076, -0.000278015, 0.0186044, 0.986613, 0.162011, -0.487005, 0.321446, 0.0866578)

[node name="Barbarian_Hat" parent="Characters/Barbarian/Rig/Skeleton3D" index="5"]
transform = Transform3D(0.999683, 0.000374566, 0.0251747, -0.00022786, 0.999983, -0.00583013, -0.0251765, 0.00582254, 0.999666, 0.000232892, 1.18279, 0.00365241)

[node name="Barbarian_Cape" parent="Characters/Barbarian/Rig/Skeleton3D" index="6"]
transform = Transform3D(0.996142, 0.000374562, 0.0877581, 0.000137864, 0.999983, -0.00583295, -0.0877588, 0.00582254, 0.996125, 0.000230983, 1.18279, 0.00365257)

[node name="DirectionalLight3D" type="DirectionalLight3D" parent="."]
transform = Transform3D(0.998572, 0.0477985, -0.0238551, -0.0170119, 0.707835, 0.706173, 0.0506395, -0.704759, 0.707637, 0.289022, 8.21207, 0)
shadow_enabled = true

[node name="Floor2" type="StaticBody3D" parent="."]

[node name="Floor" type="MeshInstance3D" parent="Floor2"]
transform = Transform3D(30, 0, 0, 0, 30, 0, 0, 0, 30, 0, 0, 0)
mesh = SubResource("PlaneMesh_o8vr5")
skeleton = NodePath("../..")

[node name="CollisionShape3D" type="CollisionShape3D" parent="Floor2"]
transform = Transform3D(30, 0, 0, 0, -1.31134e-06, 30, 0, -30, -1.31134e-06, 0, 0, 0)
shape = SubResource("BoxShape3D_lknay")

[node name="Portal" parent="." instance=ExtResource("10_wksuf")]
transform = Transform3D(1, 0, 0, 0, 1, 0, 0, 0, 1, 6.21744, 0, 16.0452)

[node name="Hideout" parent="." instance=ExtResource("3_uheyo")]
transform = Transform3D(-1, 0, -8.74228e-08, 0, 1, 0, 8.74228e-08, 0, -1, 0, 0, 0)

[node name="Deaths" type="Label" parent="."]
offset_top = 40.0
offset_right = 237.0
offset_bottom = 101.0
theme_override_fonts/font = ExtResource("6_kd8a7")
theme_override_font_sizes/font_size = 50
text = "Deaths:"

[node name="Score" type="Label" parent="."]
offset_right = 526.0
offset_bottom = 61.0
theme_override_fonts/font = ExtResource("6_kd8a7")
theme_override_font_sizes/font_size = 50
text = "Max Score: 10/10"

[node name="Transition" parent="." instance=ExtResource("5_1qjme")]
position = Vector2(1, 0)

[node name="CharacterLabel" type="Label" parent="."]
anchors_preset = 5
anchor_left = 0.5
anchor_right = 0.5
offset_left = -20.0
offset_right = 20.0
offset_bottom = 23.0
grow_horizontal = 2

[node name="Button" type="Button" parent="."]
anchors_preset = 7
anchor_left = 0.5
anchor_top = 1.0
anchor_right = 0.5
anchor_bottom = 1.0
offset_left = -111.0
offset_top = -79.0
offset_right = 114.0
grow_horizontal = 2
grow_vertical = 0
text = "Select"

[connection signal="pressed" from="Button" to="." method="_on_button_pressed"]

[editable path="Characters/Rogue_Hooded"]
[editable path="Characters/Barbarian"]
