[gd_scene load_steps=12 format=3 uid="uid://ckf3ipmwutb47"]

[ext_resource type="PackedScene" uid="uid://csqg2v0p2s8yw" path="res://player/rogue_hooded.tscn" id="2_aurua"]
[ext_resource type="PackedScene" uid="uid://dh7eqkenjyvhp" path="res://hideout/hideout.tscn" id="3_uheyo"]
[ext_resource type="PackedScene" uid="uid://dawwbik4sgvk7" path="res://player/barbarian.tscn" id="3_wd3uh"]
[ext_resource type="PackedScene" uid="uid://ds52ra1i0aaov" path="res://transition/transition.tscn" id="5_1qjme"]
[ext_resource type="FontFile" uid="uid://dxh1exxrby0bd" path="res://globals/Diablo Heavy.ttf" id="6_kd8a7"]
[ext_resource type="PackedScene" uid="uid://dcbt3cxtuaj55" path="res://player/mage.tscn" id="7_kerki"]
[ext_resource type="PackedScene" uid="uid://ci7p6fwa6jxd" path="res://portal/portal.tscn" id="10_wksuf"]

[sub_resource type="GDScript" id="GDScript_1jutb"]
script/source = "extends Node3D

@onready var transition = $Transition
@onready var score_max = $Score
@onready var deaths = $Deaths

var current_selected_character_name
var selection_area = preload(\"res://player/selection_area.tscn\")

# Called when the node enters the scene tree for the first time. 
func _ready():
	transition.get_node(\"AnimationPlayer\").play(\"fade_in\")
	score_max.text = \"Best Score: \" + str(Global.best_score)
	deaths.text = \"Deaths: \" + str(Global.deaths)
	
	for character in $Characters.get_children():
		var selection_area_ins = selection_area.instantiate()
		character.add_child(selection_area_ins)
		
func character_selected(character_name):
	current_selected_character_name = character_name
	$CharacterLabel.text = current_selected_character_name
	for character in $Characters.get_children():
		character.get_child(character.get_child_count()-1).hide_selection()


func _on_button_pressed():
	if current_selected_character_name:
		transition.get_node(\"AnimationPlayer\").play(\"fade_out\")
		await get_tree().create_timer(1).timeout
		GameManager.set_player_character(current_selected_character_name)
		get_tree().change_scene_to_file(\"res://level/level2/level_2.tscn\")
"

[sub_resource type="StandardMaterial3D" id="StandardMaterial3D_n72or"]
albedo_color = Color(0.0784314, 0.239216, 0.0627451, 1)

[sub_resource type="PlaneMesh" id="PlaneMesh_o8vr5"]
material = SubResource("StandardMaterial3D_n72or")

[sub_resource type="BoxShape3D" id="BoxShape3D_lknay"]
size = Vector3(2, 2, 0)

[node name="Level1" type="Node3D"]
script = SubResource("GDScript_1jutb")

[node name="Characters" type="Node" parent="."]

[node name="Mage" parent="Characters" instance=ExtResource("7_kerki")]
transform = Transform3D(1, 0, 1.74846e-07, 0, 1, 0, -1.74846e-07, 0, 1, 0, 0, 11)

[node name="Rogue_Hooded" parent="Characters" instance=ExtResource("2_aurua")]
transform = Transform3D(-0.688582, 0, -0.725158, 0, 1, 0, 0.725158, 0, -0.688582, -6.52419, 0, 4.73239)
script = null

[node name="Skeleton3D" parent="Characters/Rogue_Hooded/Rig" index="0"]
bones/0/position = Vector3(0, 0.00031294, 0)
bones/0/rotation = Quaternion(-1.06819e-11, -0.000310285, -1.85015e-11, 1)
bones/1/position = Vector3(7.25352e-26, 0.386481, -3.04235e-19)
bones/1/rotation = Quaternion(0.00115825, 0.0426623, 9.07472e-05, 0.999089)
bones/2/rotation = Quaternion(0.00132143, 0.00108723, -0.000110935, 0.999999)
bones/3/rotation = Quaternion(0.000496583, 0.000107921, 3.7272e-05, 1)
bones/4/rotation = Quaternion(-0.557872, -0.0593368, -0.641179, 0.523591)
bones/5/rotation = Quaternion(1.29152e-08, -5.11237e-08, -0.502743, 0.864436)
bones/7/rotation = Quaternion(-0.321491, -0.329203, 0.147926, 0.875435)
bones/8/rotation = Quaternion(0.00021734, 0.000217323, -0.706309, 0.707904)
bones/10/rotation = Quaternion(-0.616217, 0.0793625, 0.615768, 0.484569)
bones/11/rotation = Quaternion(3.08721e-08, 5.57858e-08, 0.525669, 0.850689)
bones/13/rotation = Quaternion(-0.319951, 0.304789, -0.22974, 0.867153)
bones/14/rotation = Quaternion(0.000646, 0.00076089, 0.706437, 0.707776)
bones/19/rotation = Quaternion(-5.8061e-11, -0.0313416, -1.88013e-09, 0.999509)
bones/21/position = Vector3(0.170945, 0.113587, 0.00110622)
bones/21/rotation = Quaternion(0.992821, 0.0827268, 0.0739703, 0.0446166)
bones/22/rotation = Quaternion(0.268972, 6.48559e-08, -1.87754e-07, 0.963148)
bones/23/rotation = Quaternion(-0.555094, -0.204702, 0.0544494, 0.804365)
bones/24/rotation = Quaternion(-3.04831e-08, 0.920355, -0.391084, 6.94808e-08)
bones/25/position = Vector3(-0.170945, 0.113587, -0.00110619)
bones/25/rotation = Quaternion(0.995888, -0.0302632, 0.0306417, 0.0797071)
bones/26/rotation = Quaternion(0.332302, -6.25224e-08, 2.3105e-07, 0.943173)
bones/27/rotation = Quaternion(-0.584052, 0.112839, -0.0127055, 0.803734)
bones/28/rotation = Quaternion(2.97911e-08, 0.919861, -0.392245, -6.93577e-08)
bones/29/position = Vector3(0.170945, 0.292795, 0.576297)
bones/29/rotation = Quaternion(0.707107, -2.29302e-07, -4.60552e-08, 0.707107)
bones/30/position = Vector3(0.20182, 0.0291935, 0.209626)
bones/30/rotation = Quaternion(-0.709337, -7.02098e-08, -7.08145e-08, 0.70487)
bones/31/rotation = Quaternion(9.54712e-09, 1.75913e-09, 0.986047, -0.166466)
bones/32/rotation = Quaternion(-1.04035e-07, 0.391084, 0.920355, -2.9526e-08)
bones/34/rotation = Quaternion(1, 8.81481e-12, 1.94707e-07, 1.10423e-12)
bones/36/position = Vector3(-0.170945, 0.292795, 0.576297)
bones/36/rotation = Quaternion(0.707107, -3.82385e-08, 1.45009e-07, 0.707107)
bones/37/position = Vector3(-0.170945, 0.0271042, 0.237939)
bones/37/rotation = Quaternion(-0.6994, -7.13269e-08, -6.9727e-08, 0.71473)
bones/38/rotation = Quaternion(-5.76853e-09, 6.36406e-10, 0.994929, 0.100582)
bones/39/rotation = Quaternion(-1.04035e-07, 0.391084, 0.920355, -2.95261e-08)
bones/41/rotation = Quaternion(1, 1.01193e-11, 1.9471e-07, -4.41691e-12)
bones/44/position = Vector3(0.520841, 0.785426, -0.0576374)
bones/44/rotation = Quaternion(0.794627, -1.11759e-07, 0.607098, -5.96046e-08)
bones/46/position = Vector3(-0.510844, 0.785425, 0.0597369)
bones/46/rotation = Quaternion(-0.758253, -1.52737e-07, 0.651961, -1.11759e-08)

[node name="Knife_Offhand" parent="Characters/Rogue_Hooded/Rig/Skeleton3D" index="0"]
transform = Transform3D(0.000377361, 0.263612, 0.964628, 0.999965, -0.00807668, 0.00181634, 0.00827002, 0.964594, -0.263606, 0.507649, 0.634813, -0.0180348)

[node name="1H_Crossbow" parent="Characters/Rogue_Hooded/Rig/Skeleton3D" index="1"]
transform = Transform3D(0.98852, -0.151083, 7.34224e-05, -0.00110148, -0.007691, -0.999969, 0.151079, 0.988491, -0.00776935, -0.489198, 0.743572, 0.0984606)

[node name="2H_Crossbow" parent="Characters/Rogue_Hooded/Rig/Skeleton3D" index="2"]
transform = Transform3D(0.98852, -0.151083, 7.34224e-05, -0.00110148, -0.007691, -0.999969, 0.151079, 0.988491, -0.00776935, -0.489198, 0.743572, 0.0984606)

[node name="Knife" parent="Characters/Rogue_Hooded/Rig/Skeleton3D" index="3"]
transform = Transform3D(-7.3418e-05, -0.151083, 0.98852, 0.999969, -0.00769085, -0.00110146, 0.0077692, 0.988491, 0.151079, -0.490755, 0.638868, 0.107887)

[node name="Throwable" parent="Characters/Rogue_Hooded/Rig/Skeleton3D" index="4"]
transform = Transform3D(-7.34023e-05, -0.151083, 0.98852, 0.999969, -0.00769083, -0.00110148, 0.00776919, 0.988491, 0.151079, -0.517987, 0.637481, 0.286059)

[node name="Rogue_Cape" parent="Characters/Rogue_Hooded/Rig/Skeleton3D" index="5"]
transform = Transform3D(0.996207, 0.000375681, 0.0870095, 0.000141895, 0.999982, -0.00594225, -0.0870102, 0.00593206, 0.99619, 0.000211626, 1.19699, 0.00373974)

[node name="Barbarian" parent="Characters" instance=ExtResource("3_wd3uh")]
transform = Transform3D(0.957637, 0, -0.287979, 0, 1, 0, 0.287979, 0, 0.957637, 0.549507, 0, -0.252919)

[node name="Skeleton3D" parent="Characters/Barbarian/Rig" index="0"]
bones/0/position = Vector3(0, 0.00054945, 0)
bones/0/rotation = Quaternion(-1.06819e-11, -0.000310285, -1.85015e-11, 1)
bones/1/position = Vector3(1.05307e-18, 0.386494, -1.05307e-18)
bones/1/rotation = Quaternion(0.00110891, 0.0426621, 8.86518e-05, 0.999089)
bones/2/rotation = Quaternion(0.00131789, 0.00145746, -0.000139557, 0.999998)
bones/3/rotation = Quaternion(0.00049469, 0.000113668, 6.68642e-05, 1)
bones/4/rotation = Quaternion(-0.557872, -0.0593368, -0.641179, 0.523591)
bones/5/rotation = Quaternion(1.29152e-08, -5.11237e-08, -0.502743, 0.864436)
bones/7/rotation = Quaternion(-0.321491, -0.329203, 0.147926, 0.875435)
bones/8/rotation = Quaternion(0.00021734, 0.000217323, -0.706309, 0.707904)
bones/11/rotation = Quaternion(-0.616217, 0.0793625, 0.615768, 0.484569)
bones/12/rotation = Quaternion(3.08721e-08, 5.57858e-08, 0.525669, 0.850689)
bones/14/rotation = Quaternion(-0.319951, 0.304789, -0.22974, 0.867153)
bones/15/rotation = Quaternion(0.000646, 0.00076089, 0.706437, 0.707776)
bones/19/rotation = Quaternion(-5.80608e-11, -0.0313417, -1.88012e-09, 0.999509)
bones/22/position = Vector3(0.170945, 0.113587, 0.0011582)
bones/22/rotation = Quaternion(0.992931, 0.0825346, 0.074183, 0.0420946)
bones/23/rotation = Quaternion(0.262775, 6.49778e-08, -1.8344e-07, 0.964857)
bones/24/rotation = Quaternion(-0.553506, -0.20481, 0.05404, 0.805459)
bones/25/rotation = Quaternion(-3.04832e-08, 0.920355, -0.391084, 6.94783e-08)
bones/26/position = Vector3(-0.170945, 0.113587, -0.00115817)
bones/26/rotation = Quaternion(0.995926, -0.0302791, 0.0306279, 0.0792228)
bones/27/rotation = Quaternion(0.331606, -6.25201e-08, 2.30548e-07, 0.943418)
bones/28/rotation = Quaternion(-0.583332, 0.112849, -0.012605, 0.804257)
bones/29/rotation = Quaternion(3.04807e-08, 0.920355, -0.391084, -6.94914e-08)
bones/30/rotation = Quaternion(0.707107, -2.29302e-07, -4.60552e-08, 0.707107)
bones/31/position = Vector3(0.20182, 0.0297528, 0.20974)
bones/31/rotation = Quaternion(-0.710807, -7.01236e-08, -7.09308e-08, 0.703388)
bones/32/rotation = Quaternion(9.54712e-09, 1.75913e-09, 0.986047, -0.166466)
bones/33/rotation = Quaternion(-1.04035e-07, 0.391084, 0.920355, -2.9526e-08)
bones/35/rotation = Quaternion(1, 8.81481e-12, 1.94707e-07, 1.10423e-12)
bones/37/rotation = Quaternion(0.707107, -3.82385e-08, 1.45009e-07, 0.707107)
bones/38/position = Vector3(-0.170945, 0.0272927, 0.237432)
bones/38/rotation = Quaternion(-0.698976, -7.13945e-08, -6.96457e-08, 0.715145)
bones/39/rotation = Quaternion(-5.76853e-09, 6.36406e-10, 0.994929, 0.100582)
bones/40/rotation = Quaternion(-1.04035e-07, 0.391084, 0.920355, -2.95261e-08)
bones/42/rotation = Quaternion(1, 1.01193e-11, 1.9471e-07, -4.41691e-12)
bones/45/position = Vector3(0.520841, 0.785426, -0.0576374)
bones/45/rotation = Quaternion(0.794627, -1.11759e-07, 0.607098, -5.96046e-08)
bones/47/position = Vector3(-0.510844, 0.785425, 0.0597369)
bones/47/rotation = Quaternion(-0.758253, -1.52737e-07, 0.651961, -1.11759e-08)

[node name="1H_Axe_Offhand" parent="Characters/Barbarian/Rig/Skeleton3D" index="0"]
transform = Transform3D(0.000378125, 0.264337, 0.964429, 0.999966, -0.00796984, 0.00179257, 0.00816047, 0.964397, -0.264331, 0.516466, 0.634798, 0.0136962)

[node name="Barbarian_Round_Shield" parent="Characters/Barbarian/Rig/Skeleton3D" index="1"]
transform = Transform3D(0.000377918, 0.264337, 0.964429, 0.999966, -0.00797236, 0.00179347, 0.00816314, 0.964397, -0.264331, 0.662498, 0.635208, -0.0432261)

[node name="1H_Axe" parent="Characters/Barbarian/Rig/Skeleton3D" index="2"]
transform = Transform3D(-7.31915e-05, -0.15034, 0.988634, 0.99997, -0.00758357, -0.00107961, 0.00766, 0.988605, 0.150336, -0.495662, 0.638874, 0.141175)

[node name="2H_Axe" parent="Characters/Barbarian/Rig/Skeleton3D" index="3"]
transform = Transform3D(-7.31915e-05, -0.15034, 0.988634, 0.99997, -0.00758357, -0.00107961, 0.00766, 0.988605, 0.150336, -0.495662, 0.638874, 0.141175)

[node name="Mug" parent="Characters/Barbarian/Rig/Skeleton3D" index="4"]
transform = Transform3D(-7.31915e-05, -0.15034, 0.988634, 0.99997, -0.00758357, -0.00107961, 0.00766, 0.988605, 0.150336, -0.488282, 0.338688, 0.0904839)

[node name="Barbarian_Hat" parent="Characters/Barbarian/Rig/Skeleton3D" index="5"]
transform = Transform3D(0.999683, 0.000374566, 0.0251747, -0.00022786, 0.999983, -0.00583013, -0.0251765, 0.00582254, 0.999666, 0.000232892, 1.19724, 0.00365241)

[node name="Barbarian_Cape" parent="Characters/Barbarian/Rig/Skeleton3D" index="6"]
transform = Transform3D(0.996142, 0.000374562, 0.0877581, 0.000137864, 0.999983, -0.00583295, -0.0877588, 0.00582254, 0.996125, 0.000230983, 1.19724, 0.00365257)

[node name="DirectionalLight3D" type="DirectionalLight3D" parent="."]
transform = Transform3D(0.998572, 0.0477985, -0.0238551, -0.0170119, 0.707835, 0.706173, 0.0506395, -0.704759, 0.707637, 0.289022, 8.21207, 0)
shadow_enabled = true

[node name="Floor2" type="StaticBody3D" parent="."]

[node name="Floor" type="MeshInstance3D" parent="Floor2"]
transform = Transform3D(30, 0, 0, 0, 30, 0, 0, 0, 30, 0, 0, 0)
mesh = SubResource("PlaneMesh_o8vr5")
skeleton = NodePath("../..")

[node name="CollisionShape3D" type="CollisionShape3D" parent="Floor2"]
transform = Transform3D(30, 0, 0, 0, -1.31134e-06, 30, 0, -30, -1.31134e-06, 0, 0, 0)
shape = SubResource("BoxShape3D_lknay")

[node name="Portal" parent="." instance=ExtResource("10_wksuf")]
transform = Transform3D(1, 0, 0, 0, 1, 0, 0, 0, 1, 6.21744, 0, 16.0452)

[node name="Hideout" parent="." instance=ExtResource("3_uheyo")]
transform = Transform3D(-1, 0, -8.74228e-08, 0, 1, 0, 8.74228e-08, 0, -1, 0, 0, 0)

[node name="Deaths" type="Label" parent="."]
offset_top = 40.0
offset_right = 237.0
offset_bottom = 101.0
theme_override_fonts/font = ExtResource("6_kd8a7")
theme_override_font_sizes/font_size = 50
text = "Deaths:"

[node name="Score" type="Label" parent="."]
offset_right = 526.0
offset_bottom = 61.0
theme_override_fonts/font = ExtResource("6_kd8a7")
theme_override_font_sizes/font_size = 50
text = "Max Score: 10/10"

[node name="Transition" parent="." instance=ExtResource("5_1qjme")]
position = Vector2(1, 0)

[node name="CharacterLabel" type="Label" parent="."]
anchors_preset = 5
anchor_left = 0.5
anchor_right = 0.5
offset_left = -20.0
offset_right = 20.0
offset_bottom = 23.0
grow_horizontal = 2

[node name="Button" type="Button" parent="."]
anchors_preset = 7
anchor_left = 0.5
anchor_top = 1.0
anchor_right = 0.5
anchor_bottom = 1.0
offset_left = -111.0
offset_top = -79.0
offset_right = 114.0
grow_horizontal = 2
grow_vertical = 0
text = "Select"

[connection signal="pressed" from="Button" to="." method="_on_button_pressed"]

[editable path="Characters/Rogue_Hooded"]
[editable path="Characters/Barbarian"]
