[gd_scene load_steps=16 format=3 uid="uid://ckf3ipmwutb47"]

[ext_resource type="PackedScene" uid="uid://csqg2v0p2s8yw" path="res://player/rogue_hooded.tscn" id="2_aurua"]
[ext_resource type="PackedScene" uid="uid://dh7eqkenjyvhp" path="res://hideout/hideout.tscn" id="3_uheyo"]
[ext_resource type="PackedScene" uid="uid://dawwbik4sgvk7" path="res://player/barbarian.tscn" id="3_wd3uh"]
[ext_resource type="Material" uid="uid://cuinop16et3w1" path="res://assets/resources/grass_material.tres" id="4_vr2du"]
[ext_resource type="PackedScene" uid="uid://ds52ra1i0aaov" path="res://transition/transition.tscn" id="5_1qjme"]
[ext_resource type="FontFile" uid="uid://dxh1exxrby0bd" path="res://globals/Diablo Heavy.ttf" id="6_kd8a7"]
[ext_resource type="PackedScene" uid="uid://dcbt3cxtuaj55" path="res://player/mage.tscn" id="7_kerki"]
[ext_resource type="Texture2D" uid="uid://c3ty78dhu6mmv" path="res://assets/panorama/panorama_image.png" id="9_xeoei"]
[ext_resource type="PackedScene" uid="uid://ci7p6fwa6jxd" path="res://portal/portal.tscn" id="10_wksuf"]

[sub_resource type="GDScript" id="GDScript_1jutb"]
script/source = "extends Node3D

@onready var transition = $Transition
@onready var score_max = $Score
@onready var deaths = $Deaths

var current_selected_character_name
var selection_area = preload(\"res://player/selection_area.tscn\")

# Called when the node enters the scene tree for the first time. 
func _ready():
	transition.get_node(\"AnimationPlayer\").play(\"fade_in\")
	score_max.text = \"Best Score: \" + str(Global.best_score)
	deaths.text = \"Deaths: \" + str(Global.deaths)
	
	for character in $Characters.get_children():
		var selection_area_ins = selection_area.instantiate()
		character.add_child(selection_area_ins)
		
func character_selected(character_name):
	current_selected_character_name = character_name
	$CharacterLabel.text = current_selected_character_name
	for character in $Characters.get_children():
		character.get_child(character.get_child_count()-1).hide_selection()


func _on_button_pressed():
	if current_selected_character_name:
		transition.get_node(\"AnimationPlayer\").play(\"fade_out\")
		await get_tree().create_timer(1).timeout
		GameManager.set_player_character(current_selected_character_name)
		get_tree().change_scene_to_file(\"res://level/level2/level_2.tscn\")
"

[sub_resource type="PanoramaSkyMaterial" id="PanoramaSkyMaterial_eycid"]
panorama = ExtResource("9_xeoei")

[sub_resource type="Sky" id="Sky_oax1t"]
sky_material = SubResource("PanoramaSkyMaterial_eycid")

[sub_resource type="Environment" id="Environment_wbfuk"]
background_mode = 2
sky = SubResource("Sky_oax1t")

[sub_resource type="PlaneMesh" id="PlaneMesh_o8vr5"]
material = ExtResource("4_vr2du")

[sub_resource type="BoxShape3D" id="BoxShape3D_lknay"]
size = Vector3(2, 2, 0)

[node name="Level1" type="Node3D"]
script = SubResource("GDScript_1jutb")

[node name="WorldEnvironment" type="WorldEnvironment" parent="."]
environment = SubResource("Environment_wbfuk")

[node name="Characters" type="Node" parent="."]

[node name="Mage" parent="Characters" instance=ExtResource("7_kerki")]
transform = Transform3D(1, 0, 1.74846e-07, 0, 1, 0, -1.74846e-07, 0, 1, 0, 0, 11)

[node name="Rogue_Hooded" parent="Characters" instance=ExtResource("2_aurua")]
transform = Transform3D(-0.688582, 0, -0.725158, 0, 1, 0, 0.725158, 0, -0.688582, -6.52419, 0, 4.73239)
script = null

[node name="Skeleton3D" parent="Characters/Rogue_Hooded/Rig" index="0"]
bones/0/position = Vector3(0, 0.00033274, 0)
bones/0/rotation = Quaternion(-1.06819e-11, -0.000310285, -1.85015e-11, 1)
bones/1/position = Vector3(1.10119e-25, 0.375202, -4.61874e-19)
bones/1/rotation = Quaternion(0.00115449, 0.0426623, 9.05874e-05, 0.999089)
bones/2/rotation = Quaternion(0.00132113, 0.00112137, -0.000113584, 0.999999)
bones/3/rotation = Quaternion(0.000496408, 0.000108454, 4.00192e-05, 1)
bones/4/rotation = Quaternion(-0.551077, -0.0609029, -0.652504, 0.516568)
bones/5/rotation = Quaternion(2.59244e-08, -6.31903e-08, -0.486878, 0.87347)
bones/7/rotation = Quaternion(-0.317526, -0.332799, 0.137931, 0.877153)
bones/8/rotation = Quaternion(0.00158351, 0.00158351, -0.701269, 0.712893)
bones/10/rotation = Quaternion(-0.610424, 0.081163, 0.626078, 0.478353)
bones/11/rotation = Quaternion(5.04183e-09, 4.69992e-08, 0.510453, 0.859906)
bones/13/rotation = Quaternion(-0.316333, 0.307418, -0.219767, 0.870133)
bones/14/rotation = Quaternion(0.00442923, 0.00521698, 0.702485, 0.711666)
bones/19/rotation = Quaternion(-5.8061e-11, -0.0313416, -1.88013e-09, 0.999509)
bones/21/position = Vector3(0.170945, 0.113587, 0.00111104)
bones/21/rotation = Quaternion(0.990412, 0.0829057, 0.0763846, 0.0798499)
bones/22/rotation = Quaternion(0.361349, 6.42381e-08, -2.5516e-07, 0.932431)
bones/23/rotation = Quaternion(-0.603401, -0.20044, 0.070053, 0.76865)
bones/24/rotation = Quaternion(-3.04832e-08, 0.920355, -0.391084, 6.94806e-08)
bones/25/position = Vector3(-0.170945, 0.113587, -0.00111101)
bones/25/rotation = Quaternion(0.992949, -0.032164, 0.0298117, 0.110128)
bones/26/rotation = Quaternion(0.41087, -6.0052e-08, 2.86106e-07, 0.911694)
bones/27/rotation = Quaternion(-0.626356, 0.111839, -0.0197893, 0.771219)
bones/28/rotation = Quaternion(2.97986e-08, 0.919903, -0.392147, -6.93541e-08)
bones/29/position = Vector3(0.170945, 0.292754, 0.576257)
bones/29/rotation = Quaternion(0.707107, -2.29302e-07, -4.60552e-08, 0.707107)
bones/30/position = Vector3(0.20182, 0.0292674, 0.209641)
bones/30/rotation = Quaternion(-0.70947, -7.01967e-08, -7.08279e-08, 0.704735)
bones/31/rotation = Quaternion(9.54712e-09, 1.75913e-09, 0.986047, -0.166466)
bones/32/rotation = Quaternion(-1.04035e-07, 0.391084, 0.920355, -2.9526e-08)
bones/34/rotation = Quaternion(1, 8.81481e-12, 1.94707e-07, 1.10423e-12)
bones/36/position = Vector3(-0.170945, 0.292754, 0.576256)
bones/36/rotation = Quaternion(0.707107, -3.82385e-08, 1.45009e-07, 0.707107)
bones/37/position = Vector3(-0.170945, 0.0271291, 0.237872)
bones/37/rotation = Quaternion(-0.699344, -7.1332e-08, -6.97218e-08, 0.714785)
bones/38/rotation = Quaternion(-5.76853e-09, 6.36406e-10, 0.994929, 0.100582)
bones/39/rotation = Quaternion(-1.04035e-07, 0.391084, 0.920355, -2.95261e-08)
bones/41/rotation = Quaternion(1, 1.01193e-11, 1.9471e-07, -4.41691e-12)
bones/44/position = Vector3(0.520841, 0.767763, -0.0576374)
bones/44/rotation = Quaternion(0.794627, -1.11759e-07, 0.607098, -5.96046e-08)
bones/46/position = Vector3(-0.510844, 0.767763, 0.0597369)
bones/46/rotation = Quaternion(-0.758253, -1.52737e-07, 0.651961, -1.11759e-08)

[node name="Knife_Offhand" parent="Characters/Rogue_Hooded/Rig/Skeleton3D" index="0"]
transform = Transform3D(0.000415475, 0.263665, 0.964613, 0.999735, -0.0222893, 0.00566225, 0.0229938, 0.964356, -0.263604, 0.507286, 0.616284, -0.019352)

[node name="1H_Crossbow" parent="Characters/Rogue_Hooded/Rig/Skeleton3D" index="1"]
transform = Transform3D(0.9867, -0.162521, 0.00274656, -0.000308705, -0.0187698, -0.999823, 0.162545, 0.986526, -0.0185707, -0.489224, 0.724924, 0.0983861)

[node name="2H_Crossbow" parent="Characters/Rogue_Hooded/Rig/Skeleton3D" index="2"]
transform = Transform3D(0.9867, -0.162521, 0.00274656, -0.000308705, -0.0187698, -0.999823, 0.162545, 0.986526, -0.0185707, -0.489224, 0.724924, 0.0983861)

[node name="Knife" parent="Characters/Rogue_Hooded/Rig/Skeleton3D" index="3"]
transform = Transform3D(-0.00274656, -0.162521, 0.986701, 0.999823, -0.0187697, -0.000308681, 0.0185706, 0.986526, 0.162544, -0.49062, 0.62012, 0.106662)

[node name="Throwable" parent="Characters/Rogue_Hooded/Rig/Skeleton3D" index="4"]
transform = Transform3D(-0.00274654, -0.162521, 0.9867, 0.999823, -0.0187697, -0.000308697, 0.0185705, 0.986526, 0.162544, -0.519914, 0.616737, 0.284479)

[node name="Rogue_Cape" parent="Characters/Rogue_Hooded/Rig/Skeleton3D" index="5"]
transform = Transform3D(0.996201, 0.000375566, 0.0870785, 0.000141685, 0.999982, -0.00593379, -0.0870792, 0.00592359, 0.996184, 0.000213593, 1.18574, 0.00373301)

[node name="Barbarian" parent="Characters" instance=ExtResource("3_wd3uh")]
transform = Transform3D(0.957637, 0, -0.287979, 0, 1, 0, 0.287979, 0, 0.957637, 0.549507, 0, -0.252919)

[node name="Skeleton3D" parent="Characters/Barbarian/Rig" index="0"]
bones/0/position = Vector3(0, 0.00054945, 0)
bones/0/rotation = Quaternion(-1.06819e-11, -0.000310285, -1.85015e-11, 1)
bones/1/position = Vector3(1.05307e-18, 0.375213, -1.05307e-18)
bones/1/rotation = Quaternion(0.00110891, 0.0426621, 8.86518e-05, 0.999089)
bones/2/rotation = Quaternion(0.00131789, 0.00145746, -0.000139557, 0.999998)
bones/3/rotation = Quaternion(0.00049469, 0.000113668, 6.68642e-05, 1)
bones/4/rotation = Quaternion(-0.551077, -0.0609029, -0.652504, 0.516568)
bones/5/rotation = Quaternion(2.59244e-08, -6.31903e-08, -0.486878, 0.87347)
bones/7/rotation = Quaternion(-0.317526, -0.332799, 0.137931, 0.877153)
bones/8/rotation = Quaternion(0.00158351, 0.00158351, -0.701269, 0.712893)
bones/11/rotation = Quaternion(-0.610424, 0.081163, 0.626078, 0.478353)
bones/12/rotation = Quaternion(5.04183e-09, 4.69992e-08, 0.510453, 0.859906)
bones/14/rotation = Quaternion(-0.316333, 0.307418, -0.219767, 0.870133)
bones/15/rotation = Quaternion(0.00442923, 0.00521698, 0.702485, 0.711666)
bones/19/rotation = Quaternion(-5.80608e-11, -0.0313417, -1.88012e-09, 0.999509)
bones/22/position = Vector3(0.170945, 0.113587, 0.0011582)
bones/22/rotation = Quaternion(0.990605, 0.0827146, 0.0765897, 0.0774259)
bones/23/rotation = Quaternion(0.355588, 6.4378e-08, -2.51155e-07, 0.934643)
bones/24/rotation = Quaternion(-0.601867, -0.20058, 0.0696482, 0.769852)
bones/25/rotation = Quaternion(-3.04832e-08, 0.920355, -0.391084, 6.94783e-08)
bones/26/position = Vector3(-0.170945, 0.113587, -0.00115817)
bones/26/rotation = Quaternion(0.992996, -0.0321774, 0.0297989, 0.10971)
bones/27/rotation = Quaternion(0.410287, -6.00556e-08, 2.85672e-07, 0.911957)
bones/28/rotation = Quaternion(-0.625753, 0.111853, -0.0197024, 0.771708)
bones/29/rotation = Quaternion(3.04807e-08, 0.920355, -0.391084, -6.94914e-08)
bones/30/rotation = Quaternion(0.707107, -2.29302e-07, -4.60552e-08, 0.707107)
bones/31/position = Vector3(0.20182, 0.0297528, 0.20974)
bones/31/rotation = Quaternion(-0.710807, -7.01236e-08, -7.09308e-08, 0.703388)
bones/32/rotation = Quaternion(9.54712e-09, 1.75913e-09, 0.986047, -0.166466)
bones/33/rotation = Quaternion(-1.04035e-07, 0.391084, 0.920355, -2.9526e-08)
bones/35/rotation = Quaternion(1, 8.81481e-12, 1.94707e-07, 1.10423e-12)
bones/37/rotation = Quaternion(0.707107, -3.82385e-08, 1.45009e-07, 0.707107)
bones/38/position = Vector3(-0.170945, 0.0272927, 0.237432)
bones/38/rotation = Quaternion(-0.698976, -7.13945e-08, -6.96457e-08, 0.715145)
bones/39/rotation = Quaternion(-5.76853e-09, 6.36406e-10, 0.994929, 0.100582)
bones/40/rotation = Quaternion(-1.04035e-07, 0.391084, 0.920355, -2.95261e-08)
bones/42/rotation = Quaternion(1, 1.01193e-11, 1.9471e-07, -4.41691e-12)
bones/45/position = Vector3(0.520841, 0.767763, -0.0576374)
bones/45/rotation = Quaternion(0.794627, -1.11759e-07, 0.607098, -5.96046e-08)
bones/47/position = Vector3(-0.510844, 0.767763, 0.0597369)
bones/47/rotation = Quaternion(-0.758253, -1.52737e-07, 0.651961, -1.11759e-08)

[node name="1H_Axe_Offhand" parent="Characters/Barbarian/Rig/Skeleton3D" index="0"]
transform = Transform3D(0.000426284, 0.264323, 0.964433, 0.999737, -0.0221907, 0.00564036, 0.0228927, 0.964178, -0.264263, 0.516101, 0.615773, 0.0124099)

[node name="Barbarian_Round_Shield" parent="Characters/Barbarian/Rig/Skeleton3D" index="1"]
transform = Transform3D(0.000426077, 0.264323, 0.964433, 0.999737, -0.0221933, 0.00564126, 0.0228954, 0.964178, -0.264263, 0.662134, 0.617014, -0.0444982)

[node name="1H_Axe" parent="Characters/Barbarian/Rig/Skeleton3D" index="2"]
transform = Transform3D(-0.00273891, -0.161848, 0.986811, 0.999825, -0.018671, -0.000287394, 0.0184716, 0.986638, 0.161871, -0.495921, 0.619734, 0.139853)

[node name="2H_Axe" parent="Characters/Barbarian/Rig/Skeleton3D" index="3"]
transform = Transform3D(-0.00273891, -0.161848, 0.986811, 0.999825, -0.018671, -0.000287394, 0.0184716, 0.986638, 0.161871, -0.495921, 0.619734, 0.139853)

[node name="Mug" parent="Characters/Barbarian/Rig/Skeleton3D" index="4"]
transform = Transform3D(-0.00273891, -0.161848, 0.986811, 0.999825, -0.018671, -0.000287394, 0.0184716, 0.986638, 0.161871, -0.487176, 0.320134, 0.0860087)

[node name="Barbarian_Hat" parent="Characters/Barbarian/Rig/Skeleton3D" index="5"]
transform = Transform3D(0.999683, 0.000374566, 0.0251747, -0.00022786, 0.999983, -0.00583013, -0.0251765, 0.00582254, 0.999666, 0.000232892, 1.18596, 0.00365241)

[node name="Barbarian_Cape" parent="Characters/Barbarian/Rig/Skeleton3D" index="6"]
transform = Transform3D(0.996142, 0.000374562, 0.0877581, 0.000137864, 0.999983, -0.00583295, -0.0877588, 0.00582254, 0.996125, 0.000230983, 1.18596, 0.00365257)

[node name="DirectionalLight3D" type="DirectionalLight3D" parent="."]
transform = Transform3D(0.998572, 0.0477985, -0.0238551, -0.0170119, 0.707835, 0.706173, 0.0506395, -0.704759, 0.707637, 0.289022, 8.21207, 0)
shadow_enabled = true

[node name="Floor2" type="StaticBody3D" parent="."]

[node name="Floor" type="MeshInstance3D" parent="Floor2"]
transform = Transform3D(30, 0, 0, 0, 30, 0, 0, 0, 30, 0, 0, 0)
visible = false
mesh = SubResource("PlaneMesh_o8vr5")
skeleton = NodePath("../..")

[node name="CollisionShape3D" type="CollisionShape3D" parent="Floor2"]
transform = Transform3D(30, 0, 0, 0, -1.31134e-06, 30, 0, -30, -1.31134e-06, 0, 0, 0)
shape = SubResource("BoxShape3D_lknay")

[node name="Portal" parent="." instance=ExtResource("10_wksuf")]
transform = Transform3D(1, 0, 0, 0, 1, 0, 0, 0, 1, 6.21744, 0, 16.0452)

[node name="Hideout" parent="." instance=ExtResource("3_uheyo")]
transform = Transform3D(-1, 0, -8.74228e-08, 0, 1, 0, 8.74228e-08, 0, -1, 0, 0, 0)

[node name="Deaths" type="Label" parent="."]
offset_top = 40.0
offset_right = 237.0
offset_bottom = 101.0
theme_override_fonts/font = ExtResource("6_kd8a7")
theme_override_font_sizes/font_size = 50
text = "Deaths:"

[node name="Score" type="Label" parent="."]
offset_right = 526.0
offset_bottom = 61.0
theme_override_fonts/font = ExtResource("6_kd8a7")
theme_override_font_sizes/font_size = 50
text = "Max Score: 10/10"

[node name="Transition" parent="." instance=ExtResource("5_1qjme")]
position = Vector2(1, 0)

[node name="CharacterLabel" type="Label" parent="."]
anchors_preset = 5
anchor_left = 0.5
anchor_right = 0.5
offset_left = -20.0
offset_right = 20.0
offset_bottom = 23.0
grow_horizontal = 2

[node name="Button" type="Button" parent="."]
anchors_preset = 7
anchor_left = 0.5
anchor_top = 1.0
anchor_right = 0.5
anchor_bottom = 1.0
offset_left = -111.0
offset_top = -79.0
offset_right = 114.0
grow_horizontal = 2
grow_vertical = 0
text = "Select"

[connection signal="pressed" from="Button" to="." method="_on_button_pressed"]

[editable path="Characters/Rogue_Hooded"]
[editable path="Characters/Barbarian"]
