[gd_scene load_steps=12 format=3 uid="uid://ckf3ipmwutb47"]

[ext_resource type="PackedScene" uid="uid://csqg2v0p2s8yw" path="res://player/rogue_hooded.tscn" id="2_aurua"]
[ext_resource type="PackedScene" uid="uid://dh7eqkenjyvhp" path="res://hideout/hideout.tscn" id="3_uheyo"]
[ext_resource type="PackedScene" uid="uid://dawwbik4sgvk7" path="res://player/barbarian.tscn" id="3_wd3uh"]
[ext_resource type="Material" uid="uid://cuinop16et3w1" path="res://assets/resources/grass_material.tres" id="4_vr2du"]
[ext_resource type="PackedScene" uid="uid://ds52ra1i0aaov" path="res://transition/transition.tscn" id="5_1qjme"]
[ext_resource type="FontFile" uid="uid://dxh1exxrby0bd" path="res://globals/Diablo Heavy.ttf" id="6_kd8a7"]
[ext_resource type="PackedScene" uid="uid://dcbt3cxtuaj55" path="res://player/mage.tscn" id="7_kerki"]
[ext_resource type="PackedScene" uid="uid://ci7p6fwa6jxd" path="res://portal/portal.tscn" id="10_wksuf"]

[sub_resource type="GDScript" id="GDScript_1jutb"]
script/source = "extends Node3D

@onready var transition = $Transition
@onready var score_max = $Score
@onready var deaths = $Deaths

var current_selected_character_name
var selection_area = preload(\"res://player/selection_area.tscn\")

# Called when the node enters the scene tree for the first time. 
func _ready():
	transition.get_node(\"AnimationPlayer\").play(\"fade_in\")
	score_max.text = \"Best Score: \" + str(Global.best_score)
	deaths.text = \"Deaths: \" + str(Global.deaths)
	
	for character in $Characters.get_children():
		var selection_area_ins = selection_area.instantiate()
		character.add_child(selection_area_ins)
		
func character_selected(character_name):
	current_selected_character_name = character_name
	$CharacterLabel.text = current_selected_character_name
	for character in $Characters.get_children():
		character.get_child(character.get_child_count()-1).hide_selection()


func _on_button_pressed():
	if current_selected_character_name:
		transition.get_node(\"AnimationPlayer\").play(\"fade_out\")
		await get_tree().create_timer(1).timeout
		GameManager.set_player_character(current_selected_character_name)
		get_tree().change_scene_to_file(\"res://level/level2/level_2.tscn\")
"

[sub_resource type="PlaneMesh" id="PlaneMesh_o8vr5"]
material = ExtResource("4_vr2du")

[sub_resource type="BoxShape3D" id="BoxShape3D_lknay"]
size = Vector3(2, 2, 0)

[node name="Level1" type="Node3D"]
script = SubResource("GDScript_1jutb")

[node name="Characters" type="Node" parent="."]

[node name="Mage" parent="Characters" instance=ExtResource("7_kerki")]
transform = Transform3D(1, 0, 1.74846e-07, 0, 1, 0, -1.74846e-07, 0, 1, 0, 0, 11)

[node name="Rogue_Hooded" parent="Characters" instance=ExtResource("2_aurua")]
transform = Transform3D(-0.688582, 0, -0.725158, 0, 1, 0, 0.725158, 0, -0.688582, -6.52419, 0, 4.73239)
script = null

[node name="Skeleton3D" parent="Characters/Rogue_Hooded/Rig" index="0"]
bones/0/position = Vector3(0, 0.000409688, 0)
bones/0/rotation = Quaternion(-1.06819e-11, -0.000310285, -1.85015e-11, 1)
bones/1/position = Vector3(6.63246e-27, 0.391474, -2.78186e-20)
bones/1/rotation = Quaternion(0.00111274, 0.0426621, 8.88144e-05, 0.999089)
bones/2/rotation = Quaternion(0.00132408, -0.00105735, 6.23762e-05, 0.999999)
bones/3/rotation = Quaternion(0.000507872, 7.34004e-05, -0.000140225, 1)
bones/4/rotation = Quaternion(-0.559, -0.061414, -0.646426, 0.515637)
bones/5/rotation = Quaternion(2.00972e-08, -4.0851e-08, -0.490618, 0.871375)
bones/7/rotation = Quaternion(-0.320293, -0.325371, 0.143574, 0.878028)
bones/8/rotation = Quaternion(0.000345532, 0.0003455, -0.705837, 0.708374)
bones/10/rotation = Quaternion(-0.617522, 0.0812711, 0.620185, 0.476899)
bones/11/rotation = Quaternion(2.0542e-08, 5.55132e-08, 0.514022, 0.857777)
bones/13/rotation = Quaternion(-0.318546, 0.300341, -0.225188, 0.87041)
bones/14/rotation = Quaternion(0.000617463, 0.000727278, 0.706466, 0.707746)
bones/19/rotation = Quaternion(-5.8061e-11, -0.0313416, -1.88013e-09, 0.999509)
bones/21/position = Vector3(0.170945, 0.113587, -0.000816968)
bones/21/rotation = Quaternion(0.993768, 0.0825949, 0.0730394, 0.0163874)
bones/22/rotation = Quaternion(0.215149, 6.4643e-08, -1.40995e-07, 0.976581)
bones/23/rotation = Quaternion(-0.521503, -0.206836, 0.0445818, 0.826599)
bones/24/rotation = Quaternion(-3.04812e-08, 0.920355, -0.391084, 6.94875e-08)
bones/25/position = Vector3(-0.170945, 0.113587, 0.000816996)
bones/25/rotation = Quaternion(0.996877, -0.0292299, 0.0311678, 0.0664077)
bones/26/rotation = Quaternion(0.283019, -6.4094e-08, 1.95711e-07, 0.959114)
bones/27/rotation = Quaternion(-0.564324, 0.113119, -0.00949755, 0.817712)
bones/28/rotation = Quaternion(3.04799e-08, 0.920355, -0.391084, -6.94857e-08)
bones/29/position = Vector3(0.170945, 0.292595, 0.576097)
bones/29/rotation = Quaternion(0.707107, -2.29302e-07, -4.60552e-08, 0.707107)
bones/30/position = Vector3(0.20182, 0.0271599, 0.197771)
bones/30/rotation = Quaternion(-0.699137, -7.12429e-08, -6.98106e-08, 0.714988)
bones/31/rotation = Quaternion(9.54712e-09, 1.75913e-09, 0.986047, -0.166466)
bones/32/rotation = Quaternion(-1.04035e-07, 0.391084, 0.920355, -2.9526e-08)
bones/34/rotation = Quaternion(1, 8.81481e-12, 1.94707e-07, 1.10423e-12)
bones/36/position = Vector3(-0.170945, 0.292595, 0.576097)
bones/36/rotation = Quaternion(0.707107, -3.82385e-08, 1.45009e-07, 0.707107)
bones/37/position = Vector3(-0.170945, 0.028279, 0.248901)
bones/37/rotation = Quaternion(-0.709381, -7.03316e-08, -7.07222e-08, 0.704825)
bones/38/rotation = Quaternion(-5.76853e-09, 6.36406e-10, 0.994929, 0.100582)
bones/39/rotation = Quaternion(-1.04035e-07, 0.391084, 0.920355, -2.95261e-08)
bones/41/rotation = Quaternion(1, 1.01193e-11, 1.9471e-07, -4.41691e-12)
bones/44/position = Vector3(0.520841, 0.785583, -0.0576374)
bones/44/rotation = Quaternion(0.794627, -1.11759e-07, 0.607098, -5.96046e-08)
bones/46/position = Vector3(-0.510844, 0.785583, 0.0597369)
bones/46/rotation = Quaternion(-0.758253, -1.52737e-07, 0.651961, -1.11759e-08)

[node name="Knife_Offhand" parent="Characters/Rogue_Hooded/Rig/Skeleton3D" index="0"]
transform = Transform3D(0.000364163, 0.259406, 0.965768, 0.999953, -0.00935346, 0.00213565, 0.00958759, 0.965723, -0.259397, 0.507645, 0.634605, -0.0166613)

[node name="1H_Crossbow" parent="Characters/Rogue_Hooded/Rig/Skeleton3D" index="1"]
transform = Transform3D(0.987865, -0.155313, 5.71933e-05, -0.00112954, -0.0075504, -0.99997, 0.155309, 0.987836, -0.00763458, -0.489969, 0.743246, 0.095474)

[node name="2H_Crossbow" parent="Characters/Rogue_Hooded/Rig/Skeleton3D" index="2"]
transform = Transform3D(0.987865, -0.155313, 5.71933e-05, -0.00112954, -0.0075504, -0.99997, 0.155309, 0.987836, -0.00763458, -0.489969, 0.743246, 0.095474)

[node name="Knife" parent="Characters/Rogue_Hooded/Rig/Skeleton3D" index="3"]
transform = Transform3D(-5.71883e-05, -0.155313, 0.987865, 0.99997, -0.00755025, -0.00112952, 0.00763443, 0.987836, 0.155309, -0.491572, 0.638543, 0.104908)

[node name="Throwable" parent="Characters/Rogue_Hooded/Rig/Skeleton3D" index="4"]
transform = Transform3D(-5.71724e-05, -0.155313, 0.987865, 0.99997, -0.00755024, -0.00112954, 0.00763441, 0.987836, 0.155309, -0.519566, 0.637182, 0.282961)

[node name="Rogue_Cape" parent="Characters/Rogue_Hooded/Rig/Skeleton3D" index="5"]
transform = Transform3D(0.996577, 0.000376482, 0.0826673, 0.000110018, 0.999983, -0.0058804, -0.082668, 0.00586937, 0.99656, 8.03794e-05, 1.20208, 0.00368604)

[node name="Barbarian" parent="Characters" instance=ExtResource("3_wd3uh")]
transform = Transform3D(0.957637, 0, -0.287979, 0, 1, 0, 0.287979, 0, 0.957637, 0.549507, 0, -0.252919)

[node name="Skeleton3D" parent="Characters/Barbarian/Rig" index="0"]
bones/0/position = Vector3(0, 0.00054945, 0)
bones/0/rotation = Quaternion(-1.06819e-11, -0.000310285, -1.85015e-11, 1)
bones/1/position = Vector3(1.05307e-18, 0.391534, -1.05307e-18)
bones/1/rotation = Quaternion(0.00110891, 0.0426621, 8.86518e-05, 0.999089)
bones/2/rotation = Quaternion(0.00131789, 0.00145746, -0.000139557, 0.999998)
bones/3/rotation = Quaternion(0.00049469, 0.000113668, 6.68642e-05, 1)
bones/4/rotation = Quaternion(-0.559, -0.061414, -0.646426, 0.515637)
bones/5/rotation = Quaternion(2.00972e-08, -4.0851e-08, -0.490618, 0.871375)
bones/7/rotation = Quaternion(-0.320293, -0.325371, 0.143574, 0.878028)
bones/8/rotation = Quaternion(0.000345532, 0.0003455, -0.705837, 0.708374)
bones/11/rotation = Quaternion(-0.617522, 0.0812711, 0.620185, 0.476899)
bones/12/rotation = Quaternion(2.0542e-08, 5.55132e-08, 0.514022, 0.857777)
bones/14/rotation = Quaternion(-0.318546, 0.300341, -0.225188, 0.87041)
bones/15/rotation = Quaternion(0.000617463, 0.000727278, 0.706466, 0.707746)
bones/19/rotation = Quaternion(-5.80608e-11, -0.0313417, -1.88012e-09, 0.999509)
bones/22/position = Vector3(0.170945, 0.113587, 0.0011582)
bones/22/rotation = Quaternion(0.993689, 0.0829033, 0.0726626, 0.0207493)
bones/23/rotation = Quaternion(0.207154, 6.48318e-08, -1.3544e-07, 0.978308)
bones/24/rotation = Quaternion(-0.524595, -0.206697, 0.0453539, 0.824633)
bones/25/rotation = Quaternion(-3.04832e-08, 0.920355, -0.391084, 6.94783e-08)
bones/26/position = Vector3(-0.170945, 0.113587, -0.00115817)
bones/26/rotation = Quaternion(0.997134, -0.0293424, 0.0310672, 0.0624254)
bones/27/rotation = Quaternion(0.288451, -6.39844e-08, 1.99469e-07, 0.957495)
bones/28/rotation = Quaternion(-0.560238, 0.11319, -0.00893564, 0.820513)
bones/29/rotation = Quaternion(3.04807e-08, 0.920355, -0.391084, -6.94914e-08)
bones/30/rotation = Quaternion(0.707107, -2.29302e-07, -4.60552e-08, 0.707107)
bones/31/position = Vector3(0.20182, 0.0297528, 0.20974)
bones/31/rotation = Quaternion(-0.710807, -7.01236e-08, -7.09308e-08, 0.703388)
bones/32/rotation = Quaternion(9.54712e-09, 1.75913e-09, 0.986047, -0.166466)
bones/33/rotation = Quaternion(-1.04035e-07, 0.391084, 0.920355, -2.9526e-08)
bones/35/rotation = Quaternion(1, 8.81481e-12, 1.94707e-07, 1.10423e-12)
bones/37/rotation = Quaternion(0.707107, -3.82385e-08, 1.45009e-07, 0.707107)
bones/38/position = Vector3(-0.170945, 0.0272927, 0.237432)
bones/38/rotation = Quaternion(-0.698976, -7.13945e-08, -6.96457e-08, 0.715145)
bones/39/rotation = Quaternion(-5.76853e-09, 6.36406e-10, 0.994929, 0.100582)
bones/40/rotation = Quaternion(-1.04035e-07, 0.391084, 0.920355, -2.95261e-08)
bones/42/rotation = Quaternion(1, 1.01193e-11, 1.9471e-07, -4.41691e-12)
bones/45/position = Vector3(0.520841, 0.785583, -0.0576374)
bones/45/rotation = Quaternion(0.794627, -1.11759e-07, 0.607098, -5.96046e-08)
bones/47/position = Vector3(-0.510844, 0.785583, 0.0597369)
bones/47/rotation = Quaternion(-0.758253, -1.52737e-07, 0.651961, -1.11759e-08)

[node name="1H_Axe_Offhand" parent="Characters/Barbarian/Rig/Skeleton3D" index="0"]
transform = Transform3D(0.000381421, 0.264337, 0.96443, 0.999954, -0.00930175, 0.00215443, 0.00954076, 0.964385, -0.264328, 0.516514, 0.634511, 0.0128754)

[node name="Barbarian_Round_Shield" parent="Characters/Barbarian/Rig/Skeleton3D" index="1"]
transform = Transform3D(0.000381214, 0.264336, 0.96443, 0.999954, -0.00930427, 0.00215533, 0.00954343, 0.964385, -0.264328, 0.662547, 0.634998, -0.0440463)

[node name="1H_Axe" parent="Characters/Barbarian/Rig/Skeleton3D" index="2"]
transform = Transform3D(-5.01042e-05, -0.150263, 0.988645, 0.99997, -0.00751075, -0.00109127, 0.00758966, 0.988617, 0.15026, -0.495885, 0.638482, 0.140355)

[node name="2H_Axe" parent="Characters/Barbarian/Rig/Skeleton3D" index="3"]
transform = Transform3D(-5.01042e-05, -0.150263, 0.988645, 0.99997, -0.00751075, -0.00109127, 0.00758966, 0.988617, 0.15026, -0.495885, 0.638482, 0.140355)

[node name="Mug" parent="Characters/Barbarian/Rig/Skeleton3D" index="4"]
transform = Transform3D(-5.01042e-05, -0.150263, 0.988645, 0.99997, -0.00751075, -0.00109127, 0.00758966, 0.988617, 0.15026, -0.488515, 0.338292, 0.0896854)

[node name="Barbarian_Hat" parent="Characters/Barbarian/Rig/Skeleton3D" index="5"]
transform = Transform3D(0.999683, 0.000374566, 0.0251747, -0.00022786, 0.999983, -0.00583013, -0.0251765, 0.00582254, 0.999666, 0.000232892, 1.20228, 0.00365241)

[node name="Barbarian_Cape" parent="Characters/Barbarian/Rig/Skeleton3D" index="6"]
transform = Transform3D(0.996142, 0.000374562, 0.0877581, 0.000137864, 0.999983, -0.00583295, -0.0877588, 0.00582254, 0.996125, 0.000230983, 1.20228, 0.00365257)

[node name="DirectionalLight3D" type="DirectionalLight3D" parent="."]
transform = Transform3D(0.998572, 0.0477985, -0.0238551, -0.0170119, 0.707835, 0.706173, 0.0506395, -0.704759, 0.707637, 0.289022, 8.21207, 0)
shadow_enabled = true

[node name="Floor2" type="StaticBody3D" parent="."]

[node name="Floor" type="MeshInstance3D" parent="Floor2"]
transform = Transform3D(30, 0, 0, 0, 30, 0, 0, 0, 30, 0, 0, 0)
mesh = SubResource("PlaneMesh_o8vr5")
skeleton = NodePath("../..")

[node name="CollisionShape3D" type="CollisionShape3D" parent="Floor2"]
transform = Transform3D(30, 0, 0, 0, -1.31134e-06, 30, 0, -30, -1.31134e-06, 0, 0, 0)
shape = SubResource("BoxShape3D_lknay")

[node name="Portal" parent="." instance=ExtResource("10_wksuf")]
transform = Transform3D(1, 0, 0, 0, 1, 0, 0, 0, 1, 6.21744, 0, 16.0452)

[node name="Hideout" parent="." instance=ExtResource("3_uheyo")]
transform = Transform3D(-1, 0, -8.74228e-08, 0, 1, 0, 8.74228e-08, 0, -1, 0, 0, 0)

[node name="Deaths" type="Label" parent="."]
offset_top = 40.0
offset_right = 237.0
offset_bottom = 101.0
theme_override_fonts/font = ExtResource("6_kd8a7")
theme_override_font_sizes/font_size = 50
text = "Deaths:"

[node name="Score" type="Label" parent="."]
offset_right = 526.0
offset_bottom = 61.0
theme_override_fonts/font = ExtResource("6_kd8a7")
theme_override_font_sizes/font_size = 50
text = "Max Score: 10/10"

[node name="Transition" parent="." instance=ExtResource("5_1qjme")]
position = Vector2(1, 0)

[node name="CharacterLabel" type="Label" parent="."]
anchors_preset = 5
anchor_left = 0.5
anchor_right = 0.5
offset_left = -20.0
offset_right = 20.0
offset_bottom = 23.0
grow_horizontal = 2

[node name="Button" type="Button" parent="."]
anchors_preset = 7
anchor_left = 0.5
anchor_top = 1.0
anchor_right = 0.5
anchor_bottom = 1.0
offset_left = -111.0
offset_top = -79.0
offset_right = 114.0
grow_horizontal = 2
grow_vertical = 0
text = "Select"

[connection signal="pressed" from="Button" to="." method="_on_button_pressed"]

[editable path="Characters/Rogue_Hooded"]
[editable path="Characters/Barbarian"]
