[gd_scene load_steps=16 format=3 uid="uid://ckf3ipmwutb47"]

[ext_resource type="PackedScene" uid="uid://csqg2v0p2s8yw" path="res://player/rogue_hooded.tscn" id="2_aurua"]
[ext_resource type="PackedScene" uid="uid://dh7eqkenjyvhp" path="res://hideout/hideout.tscn" id="3_uheyo"]
[ext_resource type="PackedScene" uid="uid://dawwbik4sgvk7" path="res://player/barbarian.tscn" id="3_wd3uh"]
[ext_resource type="Material" uid="uid://cuinop16et3w1" path="res://assets/resources/grass_material.tres" id="4_vr2du"]
[ext_resource type="PackedScene" uid="uid://ds52ra1i0aaov" path="res://transition/transition.tscn" id="5_1qjme"]
[ext_resource type="PackedScene" uid="uid://dcbt3cxtuaj55" path="res://player/mage.tscn" id="7_kerki"]
[ext_resource type="FontFile" uid="uid://dxh1exxrby0bd" path="res://addons/editor-plugin/fonts/Diablo Heavy.ttf" id="8_f8y4w"]
[ext_resource type="Texture2D" uid="uid://c3ty78dhu6mmv" path="res://assets/panorama/panorama_image.png" id="9_xeoei"]
[ext_resource type="PackedScene" uid="uid://ci7p6fwa6jxd" path="res://portal/portal.tscn" id="10_wksuf"]

[sub_resource type="GDScript" id="GDScript_1jutb"]
script/source = "extends Node3D

@onready var transition = $Transition
@onready var score_max = $Score
@onready var deaths = $Deaths

var current_selected_character_name
var selection_area = preload(\"res://player/selection_area.tscn\")

# Called when the node enters the scene tree for the first time. 
func _ready():
	transition.get_node(\"AnimationPlayer\").play(\"fade_in\")
	score_max.text = \"Best Score: \" + str(Global.best_score)
	deaths.text = \"Deaths: \" + str(Global.deaths)
	
	for character in $Characters.get_children():
		var selection_area_ins = selection_area.instantiate()
		character.add_child(selection_area_ins)
		
func character_selected(character_name):
	current_selected_character_name = character_name
	$CharacterLabel.text = current_selected_character_name
	for character in $Characters.get_children():
		character.get_child(character.get_child_count()-1).hide_selection()


func _on_button_pressed():
	if current_selected_character_name:
		transition.get_node(\"AnimationPlayer\").play(\"fade_out\")
		await get_tree().create_timer(1).timeout
		GameManager.set_player_character(current_selected_character_name)
		get_tree().change_scene_to_file(\"res://level/level2/level_2.tscn\")
"

[sub_resource type="PanoramaSkyMaterial" id="PanoramaSkyMaterial_eycid"]
panorama = ExtResource("9_xeoei")

[sub_resource type="Sky" id="Sky_oax1t"]
sky_material = SubResource("PanoramaSkyMaterial_eycid")

[sub_resource type="Environment" id="Environment_wbfuk"]
background_mode = 2
sky = SubResource("Sky_oax1t")

[sub_resource type="PlaneMesh" id="PlaneMesh_o8vr5"]
material = ExtResource("4_vr2du")

[sub_resource type="BoxShape3D" id="BoxShape3D_lknay"]
size = Vector3(2, 2, 0)

[node name="Level1" type="Node3D"]
script = SubResource("GDScript_1jutb")

[node name="WorldEnvironment" type="WorldEnvironment" parent="."]
environment = SubResource("Environment_wbfuk")

[node name="Characters" type="Node" parent="."]

[node name="Mage" parent="Characters" instance=ExtResource("7_kerki")]
transform = Transform3D(1, 0, 1.74846e-07, 0, 1, 0, -1.74846e-07, 0, 1, 0, 0, 11)

[node name="Rogue_Hooded" parent="Characters" instance=ExtResource("2_aurua")]
transform = Transform3D(-0.688582, 0, -0.725158, 0, 1, 0, 0.725158, 0, -0.688582, -6.52419, 0, 4.73239)
script = null

[node name="Skeleton3D" parent="Characters/Rogue_Hooded/Rig" index="0"]
bones/0/position = Vector3(0, 0.000523126, 0)
bones/0/rotation = Quaternion(-1.06819e-11, -0.000310285, -1.85015e-11, 1)
bones/1/position = Vector3(7.12515e-19, 0.379268, -1.05307e-18)
bones/1/rotation = Quaternion(0.00111502, 0.0426621, 8.89113e-05, 0.999089)
bones/2/rotation = Quaternion(0.00131825, 0.00142151, -0.000136794, 0.999998)
bones/3/rotation = Quaternion(0.000494872, 0.000113117, 6.40222e-05, 1)
bones/4/rotation = Quaternion(-0.551962, -0.0627832, -0.656922, 0.509756)
bones/5/rotation = Quaternion(1.36846e-08, -4.61338e-08, -0.47627, 0.879299)
bones/7/rotation = Quaternion(-0.316649, -0.329638, 0.13406, 0.879261)
bones/8/rotation = Quaternion(0.00166026, 0.00166026, -0.700985, 0.713172)
bones/10/rotation = Quaternion(-0.611457, 0.0828959, 0.62978, 0.471833)
bones/11/rotation = Quaternion(2.22241e-08, 4.78216e-08, 0.500342, 0.865828)
bones/13/rotation = Quaternion(-0.315271, 0.303751, -0.215778, 0.8728)
bones/14/rotation = Quaternion(0.00428417, 0.00504611, 0.702637, 0.711518)
bones/19/rotation = Quaternion(-5.8061e-11, -0.0313416, -1.88013e-09, 0.999509)
bones/21/position = Vector3(0.170945, 0.113587, 0.0011532)
bones/21/rotation = Quaternion(0.991465, 0.0825771, 0.075781, 0.0666063)
bones/22/rotation = Quaternion(0.326888, 5.86588e-08, -2.28158e-07, 0.945063)
bones/23/rotation = Quaternion(-0.58673, -0.202074, 0.0645663, 0.781502)
bones/24/rotation = Quaternion(-3.04837e-08, 0.920355, -0.391084, 6.94789e-08)
bones/25/position = Vector3(-0.170945, 0.113587, -0.00115318)
bones/25/rotation = Quaternion(0.994072, -0.0315149, 0.0300792, 0.0996144)
bones/26/rotation = Quaternion(0.384187, -6.08904e-08, 2.68601e-07, 0.923255)
bones/27/rotation = Quaternion(-0.611642, 0.112242, -0.0172863, 0.782942)
bones/28/rotation = Quaternion(3.00804e-08, 0.9203, -0.391213, -6.9377e-08)
bones/29/position = Vector3(0.170945, 0.292364, 0.575866)
bones/29/rotation = Quaternion(0.707107, -2.29302e-07, -4.60552e-08, 0.707107)
bones/30/position = Vector3(0.20182, 0.029736, 0.209736)
bones/30/rotation = Quaternion(-0.710659, -7.01034e-08, -7.09331e-08, 0.703536)
bones/31/rotation = Quaternion(9.54712e-09, 1.75913e-09, 0.986047, -0.166466)
bones/32/rotation = Quaternion(-1.04035e-07, 0.391084, 0.920355, -2.9526e-08)
bones/34/rotation = Quaternion(1, 8.81481e-12, 1.94707e-07, 1.10423e-12)
bones/36/position = Vector3(-0.170945, 0.292364, 0.575866)
bones/36/rotation = Quaternion(0.707107, -3.82385e-08, 1.45009e-07, 0.707107)
bones/37/position = Vector3(-0.170945, 0.027287, 0.237447)
bones/37/rotation = Quaternion(-0.69899, -7.13743e-08, -6.96742e-08, 0.715131)
bones/38/rotation = Quaternion(-5.76853e-09, 6.36406e-10, 0.994929, 0.100582)
bones/39/rotation = Quaternion(-1.04035e-07, 0.391084, 0.920355, -2.95261e-08)
bones/41/rotation = Quaternion(1, 1.01193e-11, 1.9471e-07, -4.41691e-12)
bones/44/position = Vector3(0.520841, 0.767937, -0.0576374)
bones/44/rotation = Quaternion(0.794627, -1.11759e-07, 0.607098, -5.96046e-08)
bones/46/position = Vector3(-0.510844, 0.767937, 0.0597369)
bones/46/rotation = Quaternion(-0.758253, -1.52737e-07, 0.651961, -1.11759e-08)

[node name="Knife_Offhand" parent="Characters/Rogue_Hooded/Rig/Skeleton3D" index="0"]
transform = Transform3D(0.000399616, 0.264262, 0.96445, 0.999718, -0.0229599, 0.00587709, 0.0236972, 0.964177, -0.264197, 0.507348, 0.616159, -0.0203912)

[node name="1H_Crossbow" parent="Characters/Rogue_Hooded/Rig/Skeleton3D" index="1"]
transform = Transform3D(0.986872, -0.161478, 0.00263538, -0.00031852, -0.0182621, -0.999832, 0.161499, 0.986707, -0.0180741, -0.489325, 0.724682, 0.0979015)

[node name="2H_Crossbow" parent="Characters/Rogue_Hooded/Rig/Skeleton3D" index="2"]
transform = Transform3D(0.986872, -0.161478, 0.00263538, -0.00031852, -0.0182621, -0.999832, 0.161499, 0.986707, -0.0180741, -0.489325, 0.724682, 0.0979015)

[node name="Knife" parent="Characters/Rogue_Hooded/Rig/Skeleton3D" index="3"]
transform = Transform3D(-0.00263537, -0.161478, 0.986872, 0.999832, -0.0182619, -0.000318496, 0.0180739, 0.986707, 0.161499, -0.490722, 0.619882, 0.106231)

[node name="Throwable" parent="Characters/Rogue_Hooded/Rig/Skeleton3D" index="4"]
transform = Transform3D(-0.00263536, -0.161478, 0.986872, 0.999832, -0.0182619, -0.000318512, 0.0180739, 0.986707, 0.161499, -0.519828, 0.61659, 0.284081)

[node name="Rogue_Cape" parent="Characters/Rogue_Hooded/Rig/Skeleton3D" index="5"]
transform = Transform3D(0.996148, 0.000374643, 0.0876854, 0.000138526, 0.999983, -0.00584623, -0.0876861, 0.00583585, 0.996131, 0.000230836, 1.18999, 0.00366318)

[node name="Barbarian" parent="Characters" instance=ExtResource("3_wd3uh")]
transform = Transform3D(0.957637, 0, -0.287979, 0, 1, 0, 0.287979, 0, 0.957637, 0.549507, 0, -0.252919)

[node name="Skeleton3D" parent="Characters/Barbarian/Rig" index="0"]
bones/0/position = Vector3(0, 0.00054945, 0)
bones/0/rotation = Quaternion(-1.06819e-11, -0.000310285, -1.85015e-11, 1)
bones/1/position = Vector3(1.05307e-18, 0.379269, -1.05307e-18)
bones/1/rotation = Quaternion(0.00110891, 0.0426621, 8.86518e-05, 0.999089)
bones/2/rotation = Quaternion(0.00131789, 0.00145746, -0.000139557, 0.999998)
bones/3/rotation = Quaternion(0.00049469, 0.000113668, 6.68642e-05, 1)
bones/4/rotation = Quaternion(-0.551962, -0.0627832, -0.656922, 0.509756)
bones/5/rotation = Quaternion(1.36846e-08, -4.61338e-08, -0.47627, 0.879299)
bones/7/rotation = Quaternion(-0.316649, -0.329638, 0.13406, 0.879261)
bones/8/rotation = Quaternion(0.00166026, 0.00166026, -0.700985, 0.713172)
bones/11/rotation = Quaternion(-0.611457, 0.0828959, 0.62978, 0.471833)
bones/12/rotation = Quaternion(2.22241e-08, 4.78216e-08, 0.500342, 0.865828)
bones/14/rotation = Quaternion(-0.315271, 0.303751, -0.215778, 0.8728)
bones/15/rotation = Quaternion(0.00428417, 0.00504611, 0.702637, 0.711518)
bones/19/rotation = Quaternion(-5.80608e-11, -0.0313417, -1.88012e-09, 0.999509)
bones/22/position = Vector3(0.170945, 0.113587, 0.0011582)
bones/22/rotation = Quaternion(0.991502, 0.082534, 0.075827, 0.0660485)
bones/23/rotation = Quaternion(0.325592, 5.86856e-08, -2.27244e-07, 0.945511)
bones/24/rotation = Quaternion(-0.586197, -0.202117, 0.0644284, 0.781902)
bones/25/rotation = Quaternion(-3.04832e-08, 0.920355, -0.391084, 6.94783e-08)
bones/26/position = Vector3(-0.170945, 0.113587, -0.00115817)
bones/26/rotation = Quaternion(0.994073, -0.0315152, 0.030079, 0.0996063)
bones/27/rotation = Quaternion(0.384174, -6.08742e-08, 2.68577e-07, 0.923261)
bones/28/rotation = Quaternion(-0.611614, 0.112243, -0.0172825, 0.782963)
bones/29/rotation = Quaternion(3.04807e-08, 0.920355, -0.391084, -6.94914e-08)
bones/30/rotation = Quaternion(0.707107, -2.29302e-07, -4.60552e-08, 0.707107)
bones/31/position = Vector3(0.20182, 0.0297528, 0.20974)
bones/31/rotation = Quaternion(-0.710807, -7.01236e-08, -7.09308e-08, 0.703388)
bones/32/rotation = Quaternion(9.54712e-09, 1.75913e-09, 0.986047, -0.166466)
bones/33/rotation = Quaternion(-1.04035e-07, 0.391084, 0.920355, -2.9526e-08)
bones/35/rotation = Quaternion(1, 8.81481e-12, 1.94707e-07, 1.10423e-12)
bones/37/rotation = Quaternion(0.707107, -3.82385e-08, 1.45009e-07, 0.707107)
bones/38/position = Vector3(-0.170945, 0.0272927, 0.237432)
bones/38/rotation = Quaternion(-0.698976, -7.13945e-08, -6.96457e-08, 0.715145)
bones/39/rotation = Quaternion(-5.76853e-09, 6.36406e-10, 0.994929, 0.100582)
bones/40/rotation = Quaternion(-1.04035e-07, 0.391084, 0.920355, -2.95261e-08)
bones/42/rotation = Quaternion(1, 1.01193e-11, 1.9471e-07, -4.41691e-12)
bones/45/position = Vector3(0.520841, 0.767937, -0.0576374)
bones/45/rotation = Quaternion(0.794627, -1.11759e-07, 0.607098, -5.96046e-08)
bones/47/position = Vector3(-0.510844, 0.767937, 0.0597369)
bones/47/rotation = Quaternion(-0.758253, -1.52737e-07, 0.651961, -1.11759e-08)

[node name="1H_Axe_Offhand" parent="Characters/Barbarian/Rig/Skeleton3D" index="0"]
transform = Transform3D(0.000401029, 0.264332, 0.964431, 0.999718, -0.022947, 0.00587391, 0.0236838, 0.964158, -0.264267, 0.516157, 0.615422, 0.011699)

[node name="Barbarian_Round_Shield" parent="Characters/Barbarian/Rig/Skeleton3D" index="1"]
transform = Transform3D(0.000400822, 0.264332, 0.964431, 0.999718, -0.0229495, 0.00587481, 0.0236864, 0.964158, -0.264267, 0.66219, 0.616712, -0.0452094)

[node name="1H_Axe" parent="Characters/Barbarian/Rig/Skeleton3D" index="2"]
transform = Transform3D(-0.00263445, -0.161406, 0.986884, 0.999833, -0.0182489, -0.00031588, 0.0180608, 0.986719, 0.161427, -0.496091, 0.619303, 0.139146)

[node name="2H_Axe" parent="Characters/Barbarian/Rig/Skeleton3D" index="3"]
transform = Transform3D(-0.00263445, -0.161406, 0.986884, 0.999833, -0.0182489, -0.00031588, 0.0180608, 0.986719, 0.161427, -0.496091, 0.619303, 0.139146)

[node name="Mug" parent="Characters/Barbarian/Rig/Skeleton3D" index="4"]
transform = Transform3D(-0.00263445, -0.161406, 0.986884, 0.999833, -0.0182489, -0.00031588, 0.0180608, 0.986719, 0.161427, -0.487399, 0.31968, 0.0854216)

[node name="Barbarian_Hat" parent="Characters/Barbarian/Rig/Skeleton3D" index="5"]
transform = Transform3D(0.999683, 0.000374566, 0.0251747, -0.00022786, 0.999983, -0.00583013, -0.0251765, 0.00582254, 0.999666, 0.000232892, 1.19002, 0.00365241)

[node name="Barbarian_Cape" parent="Characters/Barbarian/Rig/Skeleton3D" index="6"]
transform = Transform3D(0.996142, 0.000374562, 0.0877581, 0.000137864, 0.999983, -0.00583295, -0.0877588, 0.00582254, 0.996125, 0.000230983, 1.19002, 0.00365257)

[node name="DirectionalLight3D" type="DirectionalLight3D" parent="."]
transform = Transform3D(0.998572, 0.0477985, -0.0238551, -0.0170119, 0.707835, 0.706173, 0.0506395, -0.704759, 0.707637, 0.289022, 8.21207, 0)
shadow_enabled = true

[node name="Floor2" type="StaticBody3D" parent="."]

[node name="Floor" type="MeshInstance3D" parent="Floor2"]
transform = Transform3D(30, 0, 0, 0, 30, 0, 0, 0, 30, 0, 0, 0)
visible = false
mesh = SubResource("PlaneMesh_o8vr5")
skeleton = NodePath("../..")

[node name="CollisionShape3D" type="CollisionShape3D" parent="Floor2"]
transform = Transform3D(30, 0, 0, 0, -1.31134e-06, 30, 0, -30, -1.31134e-06, 0, 0, 0)
shape = SubResource("BoxShape3D_lknay")

[node name="Portal" parent="." instance=ExtResource("10_wksuf")]
transform = Transform3D(1, 0, 0, 0, 1, 0, 0, 0, 1, 6.21744, 0, 16.0452)

[node name="Hideout" parent="." instance=ExtResource("3_uheyo")]
transform = Transform3D(-1, 0, -8.74228e-08, 0, 1, 0, 8.74228e-08, 0, -1, 0, 0, 0)

[node name="Deaths" type="Label" parent="."]
offset_top = 40.0
offset_right = 237.0
offset_bottom = 101.0
theme_override_fonts/font = ExtResource("8_f8y4w")
theme_override_font_sizes/font_size = 50
text = "Deaths:"

[node name="Score" type="Label" parent="."]
offset_right = 526.0
offset_bottom = 61.0
theme_override_fonts/font = ExtResource("8_f8y4w")
theme_override_font_sizes/font_size = 50
text = "Max Score: 10/10"

[node name="Transition" parent="." instance=ExtResource("5_1qjme")]
position = Vector2(1, 0)

[node name="CharacterLabel" type="Label" parent="."]
anchors_preset = 5
anchor_left = 0.5
anchor_right = 0.5
offset_left = -20.0
offset_right = 20.0
offset_bottom = 23.0
grow_horizontal = 2

[node name="Button" type="Button" parent="."]
anchors_preset = 7
anchor_left = 0.5
anchor_top = 1.0
anchor_right = 0.5
anchor_bottom = 1.0
offset_left = -111.0
offset_top = -79.0
offset_right = 114.0
grow_horizontal = 2
grow_vertical = 0
text = "Select"

[connection signal="pressed" from="Button" to="." method="_on_button_pressed"]

[editable path="Characters/Rogue_Hooded"]
[editable path="Characters/Barbarian"]
