[gd_scene load_steps=12 format=3 uid="uid://ckf3ipmwutb47"]

[ext_resource type="PackedScene" uid="uid://csqg2v0p2s8yw" path="res://player/rogue_hooded.tscn" id="2_aurua"]
[ext_resource type="PackedScene" uid="uid://dh7eqkenjyvhp" path="res://hideout/hideout.tscn" id="3_uheyo"]
[ext_resource type="PackedScene" uid="uid://dawwbik4sgvk7" path="res://player/barbarian.tscn" id="3_wd3uh"]
[ext_resource type="Material" uid="uid://cuinop16et3w1" path="res://assets/resources/grass_material.tres" id="4_vr2du"]
[ext_resource type="PackedScene" uid="uid://ds52ra1i0aaov" path="res://transition/transition.tscn" id="5_1qjme"]
[ext_resource type="FontFile" uid="uid://dxh1exxrby0bd" path="res://globals/Diablo Heavy.ttf" id="6_kd8a7"]
[ext_resource type="PackedScene" uid="uid://dcbt3cxtuaj55" path="res://player/mage.tscn" id="7_kerki"]
[ext_resource type="PackedScene" uid="uid://ci7p6fwa6jxd" path="res://portal/portal.tscn" id="10_wksuf"]

[sub_resource type="GDScript" id="GDScript_1jutb"]
script/source = "extends Node3D

@onready var transition = $Transition
@onready var score_max = $Score
@onready var deaths = $Deaths

var current_selected_character_name
var selection_area = preload(\"res://player/selection_area.tscn\")

# Called when the node enters the scene tree for the first time. 
func _ready():
	transition.get_node(\"AnimationPlayer\").play(\"fade_in\")
	score_max.text = \"Best Score: \" + str(Global.best_score)
	deaths.text = \"Deaths: \" + str(Global.deaths)
	
	for character in $Characters.get_children():
		var selection_area_ins = selection_area.instantiate()
		character.add_child(selection_area_ins)
		
func character_selected(character_name):
	current_selected_character_name = character_name
	$CharacterLabel.text = current_selected_character_name
	for character in $Characters.get_children():
		character.get_child(character.get_child_count()-1).hide_selection()


func _on_button_pressed():
	if current_selected_character_name:
		transition.get_node(\"AnimationPlayer\").play(\"fade_out\")
		await get_tree().create_timer(1).timeout
		GameManager.set_player_character(current_selected_character_name)
		get_tree().change_scene_to_file(\"res://level/level2/level_2.tscn\")
"

[sub_resource type="PlaneMesh" id="PlaneMesh_o8vr5"]
material = ExtResource("4_vr2du")

[sub_resource type="BoxShape3D" id="BoxShape3D_lknay"]
size = Vector3(2, 2, 0)

[node name="Level1" type="Node3D"]
script = SubResource("GDScript_1jutb")

[node name="Characters" type="Node" parent="."]

[node name="Mage" parent="Characters" instance=ExtResource("7_kerki")]
transform = Transform3D(1, 0, 1.74846e-07, 0, 1, 0, -1.74846e-07, 0, 1, 0, 0, 11)

[node name="Rogue_Hooded" parent="Characters" instance=ExtResource("2_aurua")]
transform = Transform3D(-0.688582, 0, -0.725158, 0, 1, 0, 0.725158, 0, -0.688582, -6.52419, 0, 4.73239)
script = null

[node name="Skeleton3D" parent="Characters/Rogue_Hooded/Rig" index="0"]
bones/0/position = Vector3(0, 0.000161084, 0)
bones/0/rotation = Quaternion(-1.06819e-11, -0.000310285, -1.85015e-11, 1)
bones/1/position = Vector3(9.04727e-19, 0.380358, -9.04727e-19)
bones/1/rotation = Quaternion(0.00118163, 0.0426624, 9.17398e-05, 0.999089)
bones/2/rotation = Quaternion(0.00132719, -0.000583441, 2.30852e-05, 0.999999)
bones/3/rotation = Quaternion(0.000505439, 8.08811e-05, -0.000101795, 1)
bones/4/rotation = Quaternion(-0.555722, -0.0579824, -0.638841, 0.52886)
bones/5/rotation = Quaternion(2.85083e-08, -3.81606e-08, -0.509727, 0.860336)
bones/7/rotation = Quaternion(-0.321793, -0.332977, 0.14962, 0.873607)
bones/8/rotation = Quaternion(0.000428684, 0.00042867, -0.705532, 0.708678)
bones/10/rotation = Quaternion(-0.614095, 0.0782074, 0.613939, 0.489745)
bones/11/rotation = Quaternion(1.87276e-08, 6.28076e-08, 0.532342, 0.846529)
bones/13/rotation = Quaternion(-0.320489, 0.308899, -0.231597, 0.865004)
bones/14/rotation = Quaternion(0.00137449, 0.00161895, 0.705679, 0.708528)
bones/19/rotation = Quaternion(-5.8061e-11, -0.0313416, -1.88013e-09, 0.999509)
bones/21/position = Vector3(0.170945, 0.113587, -0.00106218)
bones/21/rotation = Quaternion(0.991945, 0.0822574, 0.0758916, 0.0593309)
bones/22/rotation = Quaternion(0.325692, 6.08536e-08, -2.22881e-07, 0.945476)
bones/23/rotation = Quaternion(-0.580107, -0.202628, 0.0625466, 0.786451)
bones/24/rotation = Quaternion(-2.97329e-08, 0.919542, -0.392992, 6.93822e-08)
bones/25/position = Vector3(-0.170945, 0.113587, 0.00106221)
bones/25/rotation = Quaternion(0.993652, -0.031119, 0.0303602, 0.103762)
bones/26/rotation = Quaternion(0.375826, -6.08734e-08, 2.62487e-07, 0.92669)
bones/27/rotation = Quaternion(-0.611473, 0.112234, -0.0171536, 0.783077)
bones/28/rotation = Quaternion(3.04805e-08, 0.920355, -0.391084, -6.94881e-08)
bones/29/position = Vector3(0.170945, 0.293115, 0.576617)
bones/29/rotation = Quaternion(0.707107, -2.29302e-07, -4.60552e-08, 0.707107)
bones/30/position = Vector3(0.20182, 0.0267776, 0.198679)
bones/30/rotation = Quaternion(-0.700236, -7.11627e-08, -6.98817e-08, 0.713912)
bones/31/rotation = Quaternion(9.54712e-09, 1.75913e-09, 0.986047, -0.166466)
bones/32/rotation = Quaternion(-1.04035e-07, 0.391084, 0.920355, -2.9526e-08)
bones/34/rotation = Quaternion(1, 8.81481e-12, 1.94707e-07, 1.10423e-12)
bones/36/position = Vector3(-0.170945, 0.293115, 0.576617)
bones/36/rotation = Quaternion(0.707107, -3.82385e-08, 1.45009e-07, 0.707107)
bones/37/position = Vector3(-0.170945, 0.0282241, 0.249567)
bones/37/rotation = Quaternion(-0.708165, -7.05227e-08, -7.05663e-08, 0.706047)
bones/38/rotation = Quaternion(-5.76853e-09, 6.36406e-10, 0.994929, 0.100582)
bones/39/rotation = Quaternion(-1.04035e-07, 0.391084, 0.920355, -2.95261e-08)
bones/41/rotation = Quaternion(1, 1.01193e-11, 1.9471e-07, -4.41691e-12)
bones/44/position = Vector3(0.520841, 0.782269, -0.0576374)
bones/44/rotation = Quaternion(0.794627, -1.11759e-07, 0.607098, -5.96046e-08)
bones/46/position = Vector3(-0.510844, 0.782269, 0.0597369)
bones/46/rotation = Quaternion(-0.758253, -1.52737e-07, 0.651961, -1.11759e-08)

[node name="Knife_Offhand" parent="Characters/Rogue_Hooded/Rig/Skeleton3D" index="0"]
transform = Transform3D(0.000368339, 0.260335, 0.965517, 0.999943, -0.0103498, 0.00240962, 0.0106203, 0.965462, -0.260325, 0.507499, 0.631593, -0.015862)

[node name="1H_Crossbow" parent="Characters/Rogue_Hooded/Rig/Skeleton3D" index="1"]
transform = Transform3D(0.987651, -0.156664, 0.000583837, -0.000980236, -0.0099042, -0.99995, 0.156663, 0.987602, -0.00993566, -0.489467, 0.740461, 0.0974781)

[node name="2H_Crossbow" parent="Characters/Rogue_Hooded/Rig/Skeleton3D" index="2"]
transform = Transform3D(0.987651, -0.156664, 0.000583837, -0.000980236, -0.0099042, -0.99995, 0.156663, 0.987602, -0.00993566, -0.489467, 0.740461, 0.0974781)

[node name="Knife" parent="Characters/Rogue_Hooded/Rig/Skeleton3D" index="3"]
transform = Transform3D(-0.000583832, -0.156664, 0.987651, 0.99995, -0.00990405, -0.000980214, 0.00993552, 0.987602, 0.156662, -0.491028, 0.635735, 0.106669)

[node name="Throwable" parent="Characters/Rogue_Hooded/Rig/Skeleton3D" index="4"]
transform = Transform3D(-0.000583816, -0.156664, 0.987651, 0.99995, -0.00990404, -0.000980229, 0.0099355, 0.987602, 0.156662, -0.519266, 0.63395, 0.28468)

[node name="Rogue_Cape" parent="Characters/Rogue_Hooded/Rig/Skeleton3D" index="5"]
transform = Transform3D(0.996497, 0.000380461, 0.083627, 0.000123314, 0.999982, -0.00601882, -0.0836278, 0.00600805, 0.996479, 0.000111348, 1.19072, 0.00379778)

[node name="Barbarian" parent="Characters" instance=ExtResource("3_wd3uh")]
transform = Transform3D(0.957637, 0, -0.287979, 0, 1, 0, 0.287979, 0, 0.957637, 0.549507, 0, -0.252919)

[node name="Skeleton3D" parent="Characters/Barbarian/Rig" index="0"]
bones/0/position = Vector3(0, 0.00054945, 0)
bones/0/rotation = Quaternion(-1.06819e-11, -0.000310285, -1.85015e-11, 1)
bones/1/position = Vector3(1.05307e-18, 0.380394, -1.05307e-18)
bones/1/rotation = Quaternion(0.00110891, 0.0426621, 8.86518e-05, 0.999089)
bones/2/rotation = Quaternion(0.00131789, 0.00145746, -0.000139557, 0.999998)
bones/3/rotation = Quaternion(0.00049469, 0.000113668, 6.68642e-05, 1)
bones/4/rotation = Quaternion(-0.555722, -0.0579824, -0.638841, 0.52886)
bones/5/rotation = Quaternion(2.85083e-08, -3.81606e-08, -0.509727, 0.860336)
bones/7/rotation = Quaternion(-0.321793, -0.332977, 0.14962, 0.873607)
bones/8/rotation = Quaternion(0.000428684, 0.00042867, -0.705532, 0.708678)
bones/11/rotation = Quaternion(-0.614095, 0.0782074, 0.613939, 0.489745)
bones/12/rotation = Quaternion(1.87276e-08, 6.28076e-08, 0.532342, 0.846529)
bones/14/rotation = Quaternion(-0.320489, 0.308899, -0.231597, 0.865004)
bones/15/rotation = Quaternion(0.00137449, 0.00161895, 0.705679, 0.708528)
bones/19/rotation = Quaternion(-5.80608e-11, -0.0313417, -1.88012e-09, 0.999509)
bones/22/position = Vector3(0.170945, 0.113587, 0.0011582)
bones/22/rotation = Quaternion(0.99174, 0.0825019, 0.0756003, 0.0626956)
bones/23/rotation = Quaternion(0.316765, 6.10857e-08, -2.16652e-07, 0.948504)
bones/24/rotation = Quaternion(-0.581593, -0.202538, 0.0629228, 0.785346)
bones/25/rotation = Quaternion(-3.04832e-08, 0.920355, -0.391084, 6.94783e-08)
bones/26/position = Vector3(-0.170945, 0.113587, -0.00115817)
bones/26/rotation = Quaternion(0.994366, -0.0313284, 0.0301594, 0.0966688)
bones/27/rotation = Quaternion(0.376586, -6.08532e-08, 2.62979e-07, 0.926382)
bones/28/rotation = Quaternion(-0.607516, 0.112345, -0.016591, 0.786147)
bones/29/rotation = Quaternion(3.04807e-08, 0.920355, -0.391084, -6.94914e-08)
bones/30/rotation = Quaternion(0.707107, -2.29302e-07, -4.60552e-08, 0.707107)
bones/31/position = Vector3(0.20182, 0.0297528, 0.20974)
bones/31/rotation = Quaternion(-0.710807, -7.01236e-08, -7.09308e-08, 0.703388)
bones/32/rotation = Quaternion(9.54712e-09, 1.75913e-09, 0.986047, -0.166466)
bones/33/rotation = Quaternion(-1.04035e-07, 0.391084, 0.920355, -2.9526e-08)
bones/35/rotation = Quaternion(1, 8.81481e-12, 1.94707e-07, 1.10423e-12)
bones/37/rotation = Quaternion(0.707107, -3.82385e-08, 1.45009e-07, 0.707107)
bones/38/position = Vector3(-0.170945, 0.0272927, 0.237432)
bones/38/rotation = Quaternion(-0.698976, -7.13945e-08, -6.96457e-08, 0.715145)
bones/39/rotation = Quaternion(-5.76853e-09, 6.36406e-10, 0.994929, 0.100582)
bones/40/rotation = Quaternion(-1.04035e-07, 0.391084, 0.920355, -2.95261e-08)
bones/42/rotation = Quaternion(1, 1.01193e-11, 1.9471e-07, -4.41691e-12)
bones/45/position = Vector3(0.520841, 0.782269, -0.0576374)
bones/45/rotation = Quaternion(0.794627, -1.11759e-07, 0.607098, -5.96046e-08)
bones/47/position = Vector3(-0.510844, 0.782269, 0.0597369)
bones/47/rotation = Quaternion(-0.758253, -1.52737e-07, 0.651961, -1.11759e-08)

[node name="1H_Axe_Offhand" parent="Characters/Barbarian/Rig/Skeleton3D" index="0"]
transform = Transform3D(0.000381701, 0.264336, 0.96443, 0.999945, -0.0101643, 0.00239055, 0.0104347, 0.964377, -0.264326, 0.51636, 0.631691, 0.0141296)

[node name="Barbarian_Round_Shield" parent="Characters/Barbarian/Rig/Skeleton3D" index="1"]
transform = Transform3D(0.000381494, 0.264336, 0.96443, 0.999945, -0.0101668, 0.00239146, 0.0104374, 0.964377, -0.264326, 0.662393, 0.63223, -0.0427916)

[node name="1H_Axe" parent="Characters/Barbarian/Rig/Skeleton3D" index="2"]
transform = Transform3D(-0.000573411, -0.152568, 0.988292, 0.999952, -0.00972704, -0.000921737, 0.00975401, 0.988244, 0.152566, -0.495543, 0.63584, 0.141594)

[node name="2H_Axe" parent="Characters/Barbarian/Rig/Skeleton3D" index="3"]
transform = Transform3D(-0.000573411, -0.152568, 0.988292, 0.999952, -0.00972704, -0.000921737, 0.00975401, 0.988244, 0.152566, -0.495543, 0.63584, 0.141594)

[node name="Mug" parent="Characters/Barbarian/Rig/Skeleton3D" index="4"]
transform = Transform3D(-0.000573411, -0.152568, 0.988292, 0.999952, -0.00972704, -0.000921737, 0.00975401, 0.988244, 0.152566, -0.487903, 0.335765, 0.0902914)

[node name="Barbarian_Hat" parent="Characters/Barbarian/Rig/Skeleton3D" index="5"]
transform = Transform3D(0.999683, 0.000374566, 0.0251747, -0.00022786, 0.999983, -0.00583013, -0.0251765, 0.00582254, 0.999666, 0.000232892, 1.19114, 0.00365241)

[node name="Barbarian_Cape" parent="Characters/Barbarian/Rig/Skeleton3D" index="6"]
transform = Transform3D(0.996142, 0.000374562, 0.0877581, 0.000137864, 0.999983, -0.00583295, -0.0877588, 0.00582254, 0.996125, 0.000230983, 1.19114, 0.00365257)

[node name="DirectionalLight3D" type="DirectionalLight3D" parent="."]
transform = Transform3D(0.998572, 0.0477985, -0.0238551, -0.0170119, 0.707835, 0.706173, 0.0506395, -0.704759, 0.707637, 0.289022, 8.21207, 0)
shadow_enabled = true

[node name="Floor2" type="StaticBody3D" parent="."]

[node name="Floor" type="MeshInstance3D" parent="Floor2"]
transform = Transform3D(30, 0, 0, 0, 30, 0, 0, 0, 30, 0, 0, 0)
mesh = SubResource("PlaneMesh_o8vr5")
skeleton = NodePath("../..")

[node name="CollisionShape3D" type="CollisionShape3D" parent="Floor2"]
transform = Transform3D(30, 0, 0, 0, -1.31134e-06, 30, 0, -30, -1.31134e-06, 0, 0, 0)
shape = SubResource("BoxShape3D_lknay")

[node name="Portal" parent="." instance=ExtResource("10_wksuf")]
transform = Transform3D(1, 0, 0, 0, 1, 0, 0, 0, 1, 6.21744, 0, 16.0452)

[node name="Hideout" parent="." instance=ExtResource("3_uheyo")]
transform = Transform3D(-1, 0, -8.74228e-08, 0, 1, 0, 8.74228e-08, 0, -1, 0, 0, 0)

[node name="Deaths" type="Label" parent="."]
offset_top = 40.0
offset_right = 237.0
offset_bottom = 101.0
theme_override_fonts/font = ExtResource("6_kd8a7")
theme_override_font_sizes/font_size = 50
text = "Deaths:"

[node name="Score" type="Label" parent="."]
offset_right = 526.0
offset_bottom = 61.0
theme_override_fonts/font = ExtResource("6_kd8a7")
theme_override_font_sizes/font_size = 50
text = "Max Score: 10/10"

[node name="Transition" parent="." instance=ExtResource("5_1qjme")]
position = Vector2(1, 0)

[node name="CharacterLabel" type="Label" parent="."]
anchors_preset = 5
anchor_left = 0.5
anchor_right = 0.5
offset_left = -20.0
offset_right = 20.0
offset_bottom = 23.0
grow_horizontal = 2

[node name="Button" type="Button" parent="."]
anchors_preset = 7
anchor_left = 0.5
anchor_top = 1.0
anchor_right = 0.5
anchor_bottom = 1.0
offset_left = -111.0
offset_top = -79.0
offset_right = 114.0
grow_horizontal = 2
grow_vertical = 0
text = "Select"

[connection signal="pressed" from="Button" to="." method="_on_button_pressed"]

[editable path="Characters/Rogue_Hooded"]
[editable path="Characters/Barbarian"]
