[gd_scene load_steps=16 format=3 uid="uid://ckf3ipmwutb47"]

[ext_resource type="PackedScene" uid="uid://csqg2v0p2s8yw" path="res://player/rogue_hooded.tscn" id="2_aurua"]
[ext_resource type="PackedScene" uid="uid://dh7eqkenjyvhp" path="res://hideout/hideout.tscn" id="3_uheyo"]
[ext_resource type="PackedScene" uid="uid://dawwbik4sgvk7" path="res://player/barbarian.tscn" id="3_wd3uh"]
[ext_resource type="Material" uid="uid://cuinop16et3w1" path="res://assets/resources/grass_material.tres" id="4_vr2du"]
[ext_resource type="PackedScene" uid="uid://ds52ra1i0aaov" path="res://transition/transition.tscn" id="5_1qjme"]
[ext_resource type="FontFile" uid="uid://dxh1exxrby0bd" path="res://globals/Diablo Heavy.ttf" id="6_kd8a7"]
[ext_resource type="PackedScene" uid="uid://dcbt3cxtuaj55" path="res://player/mage.tscn" id="7_kerki"]
[ext_resource type="Texture2D" uid="uid://c3ty78dhu6mmv" path="res://assets/panorama/panorama_image.png" id="9_xeoei"]
[ext_resource type="PackedScene" uid="uid://ci7p6fwa6jxd" path="res://portal/portal.tscn" id="10_wksuf"]

[sub_resource type="GDScript" id="GDScript_1jutb"]
script/source = "extends Node3D

@onready var transition = $Transition
@onready var score_max = $Score
@onready var deaths = $Deaths

var current_selected_character_name
var selection_area = preload(\"res://player/selection_area.tscn\")

# Called when the node enters the scene tree for the first time. 
func _ready():
	transition.get_node(\"AnimationPlayer\").play(\"fade_in\")
	score_max.text = \"Best Score: \" + str(Global.best_score)
	deaths.text = \"Deaths: \" + str(Global.deaths)
	
	for character in $Characters.get_children():
		var selection_area_ins = selection_area.instantiate()
		character.add_child(selection_area_ins)
		
func character_selected(character_name):
	current_selected_character_name = character_name
	$CharacterLabel.text = current_selected_character_name
	for character in $Characters.get_children():
		character.get_child(character.get_child_count()-1).hide_selection()


func _on_button_pressed():
	if current_selected_character_name:
		transition.get_node(\"AnimationPlayer\").play(\"fade_out\")
		await get_tree().create_timer(1).timeout
		GameManager.set_player_character(current_selected_character_name)
		get_tree().change_scene_to_file(\"res://level/level2/level_2.tscn\")
"

[sub_resource type="PlaneMesh" id="PlaneMesh_o8vr5"]
material = ExtResource("4_vr2du")

[sub_resource type="BoxShape3D" id="BoxShape3D_lknay"]
size = Vector3(2, 2, 0)

[sub_resource type="PanoramaSkyMaterial" id="PanoramaSkyMaterial_eycid"]
panorama = ExtResource("9_xeoei")

[sub_resource type="Sky" id="Sky_7ifxp"]
sky_material = SubResource("PanoramaSkyMaterial_eycid")

[sub_resource type="Environment" id="Environment_wbfuk"]
background_mode = 2
sky = SubResource("Sky_7ifxp")

[node name="Level1" type="Node3D"]
script = SubResource("GDScript_1jutb")

[node name="Characters" type="Node" parent="."]

[node name="Mage" parent="Characters" instance=ExtResource("7_kerki")]
transform = Transform3D(1, 0, 1.74846e-07, 0, 1, 0, -1.74846e-07, 0, 1, 0, 0, 11)

[node name="Rogue_Hooded" parent="Characters" instance=ExtResource("2_aurua")]
transform = Transform3D(-0.688582, 0, -0.725158, 0, 1, 0, 0.725158, 0, -0.688582, -6.52419, 0, 4.73239)
script = null

[node name="Skeleton3D" parent="Characters/Rogue_Hooded/Rig" index="0"]
bones/0/position = Vector3(0, 0.000513872, 0)
bones/0/rotation = Quaternion(-1.06819e-11, -0.000310285, -1.85015e-11, 1)
bones/1/position = Vector3(1.32515e-19, 0.36926, -1.05307e-18)
bones/1/rotation = Quaternion(0.00110891, 0.0426621, 8.86518e-05, 0.999089)
bones/2/rotation = Quaternion(0.00131838, 0.00140888, -0.000135724, 0.999998)
bones/3/rotation = Quaternion(0.000494936, 0.000112923, 6.30232e-05, 1)
bones/4/rotation = Quaternion(-0.550443, -0.0572074, -0.641459, 0.531291)
bones/5/rotation = Quaternion(3.18184e-08, -3.84938e-08, -0.510114, 0.860107)
bones/7/rotation = Quaternion(-0.320213, -0.3385, 0.146976, 0.872513)
bones/8/rotation = Quaternion(0.00127103, 0.00127103, -0.702425, 0.711756)
bones/10/rotation = Quaternion(-0.609286, 0.0777252, 0.616629, 0.492441)
bones/11/rotation = Quaternion(4.19371e-08, 3.43261e-08, 0.532713, 0.846296)
bones/13/rotation = Quaternion(-0.319325, 0.314343, -0.229137, 0.864127)
bones/14/rotation = Quaternion(0.00392415, 0.00462208, 0.703015, 0.711149)
bones/19/rotation = Quaternion(-5.8061e-11, -0.0313416, -1.88013e-09, 0.999509)
bones/21/position = Vector3(0.170945, 0.113587, 0.00107579)
bones/21/rotation = Quaternion(0.98921, 0.0831425, 0.0776333, 0.092323)
bones/22/rotation = Quaternion(0.396069, 5.56004e-08, -2.67713e-07, 0.918221)
bones/23/rotation = Quaternion(-0.623053, -0.19821, 0.0769761, 0.752723)
bones/24/rotation = Quaternion(-3.04808e-08, 0.920355, -0.391084, 6.94806e-08)
bones/25/position = Vector3(-0.170945, 0.113587, -0.00107576)
bones/25/rotation = Quaternion(0.99135, -0.0331505, 0.0294023, 0.123542)
bones/26/rotation = Quaternion(0.446234, -5.86053e-08, 3.13926e-07, 0.894917)
bones/27/rotation = Quaternion(-0.645398, 0.111206, -0.0231605, 0.755353)
bones/28/rotation = Quaternion(3.04813e-08, 0.920355, -0.391084, -6.9491e-08)
bones/29/position = Vector3(0.170945, 0.292382, 0.575885)
bones/29/rotation = Quaternion(0.707107, -2.29302e-07, -4.60552e-08, 0.707107)
bones/30/position = Vector3(0.20182, 0.0293651, 0.209512)
bones/30/rotation = Quaternion(-0.710442, -7.01605e-08, -7.08939e-08, 0.703756)
bones/31/rotation = Quaternion(9.54712e-09, 1.75913e-09, 0.986047, -0.166466)
bones/32/rotation = Quaternion(-1.04035e-07, 0.391084, 0.920355, -2.9526e-08)
bones/34/rotation = Quaternion(1, 8.81481e-12, 1.94707e-07, 1.10423e-12)
bones/36/position = Vector3(-0.170945, 0.292382, 0.575885)
bones/36/rotation = Quaternion(0.707107, -3.82385e-08, 1.45009e-07, 0.707107)
bones/37/position = Vector3(-0.170945, 0.027268, 0.237499)
bones/37/rotation = Quaternion(-0.698994, -7.13957e-08, -6.96503e-08, 0.715128)
bones/38/rotation = Quaternion(-5.76853e-09, 6.36406e-10, 0.994929, 0.100582)
bones/39/rotation = Quaternion(-1.04035e-07, 0.391084, 0.920355, -2.95261e-08)
bones/41/rotation = Quaternion(1, 1.01193e-11, 1.9471e-07, -4.41691e-12)
bones/44/position = Vector3(0.520841, 0.770963, -0.0576374)
bones/44/rotation = Quaternion(0.794627, -1.11759e-07, 0.607098, -5.96046e-08)
bones/46/position = Vector3(-0.510844, 0.770962, 0.0597369)
bones/46/rotation = Quaternion(-0.758253, -1.52737e-07, 0.651961, -1.11759e-08)

[node name="Knife_Offhand" parent="Characters/Rogue_Hooded/Rig/Skeleton3D" index="0"]
transform = Transform3D(0.000394513, 0.264238, 0.964457, 0.999809, -0.01891, 0.00477221, 0.0194993, 0.964271, -0.264195, 0.507266, 0.620762, -0.0180684)

[node name="1H_Crossbow" parent="Characters/Rogue_Hooded/Rig/Skeleton3D" index="1"]
transform = Transform3D(0.987047, -0.160411, 0.00237793, -0.000386325, -0.0171975, -0.999851, 0.160428, 0.9869, -0.0170369, -0.48878, 0.729676, 0.100072)

[node name="2H_Crossbow" parent="Characters/Rogue_Hooded/Rig/Skeleton3D" index="2"]
transform = Transform3D(0.987047, -0.160411, 0.00237793, -0.000386325, -0.0171975, -0.999851, 0.160428, 0.9869, -0.0170369, -0.48878, 0.729676, 0.100072)

[node name="Knife" parent="Characters/Rogue_Hooded/Rig/Skeleton3D" index="3"]
transform = Transform3D(-0.00237792, -0.16041, 0.987047, 0.999851, -0.0171974, -0.000386301, 0.0170368, 0.9869, 0.160428, -0.490193, 0.624885, 0.108512)

[node name="Throwable" parent="Characters/Rogue_Hooded/Rig/Skeleton3D" index="4"]
transform = Transform3D(-0.0023779, -0.160411, 0.987047, 0.999851, -0.0171973, -0.000386317, 0.0170368, 0.9869, 0.160428, -0.519106, 0.621785, 0.286397)

[node name="Rogue_Cape" parent="Characters/Rogue_Hooded/Rig/Skeleton3D" index="5"]
transform = Transform3D(0.99615, 0.00037448, 0.0876598, 0.0001375, 0.999983, -0.00583443, -0.0876605, 0.00582402, 0.996133, 0.000229996, 1.17998, 0.00365353)

[node name="Barbarian" parent="Characters" instance=ExtResource("3_wd3uh")]
transform = Transform3D(0.957637, 0, -0.287979, 0, 1, 0, 0.287979, 0, 0.957637, 0.549507, 0, -0.252919)

[node name="Skeleton3D" parent="Characters/Barbarian/Rig" index="0"]
bones/0/position = Vector3(0, 0.00054945, 0)
bones/0/rotation = Quaternion(-1.06819e-11, -0.000310285, -1.85015e-11, 1)
bones/1/position = Vector3(1.05307e-18, 0.369267, -1.05307e-18)
bones/1/rotation = Quaternion(0.00110891, 0.0426621, 8.86518e-05, 0.999089)
bones/2/rotation = Quaternion(0.00131789, 0.00145746, -0.000139557, 0.999998)
bones/3/rotation = Quaternion(0.00049469, 0.000113668, 6.68642e-05, 1)
bones/4/rotation = Quaternion(-0.550443, -0.0572074, -0.641459, 0.531291)
bones/5/rotation = Quaternion(3.18184e-08, -3.84938e-08, -0.510114, 0.860107)
bones/7/rotation = Quaternion(-0.320213, -0.3385, 0.146976, 0.872513)
bones/8/rotation = Quaternion(0.00127103, 0.00127103, -0.702425, 0.711756)
bones/11/rotation = Quaternion(-0.609286, 0.0777252, 0.616629, 0.492441)
bones/12/rotation = Quaternion(4.19371e-08, 3.43261e-08, 0.532713, 0.846296)
bones/14/rotation = Quaternion(-0.319325, 0.314343, -0.229137, 0.864127)
bones/15/rotation = Quaternion(0.00392415, 0.00462208, 0.703015, 0.711149)
bones/19/rotation = Quaternion(-5.80608e-11, -0.0313417, -1.88012e-09, 0.999509)
bones/22/position = Vector3(0.170945, 0.113587, 0.0011582)
bones/22/rotation = Quaternion(0.989175, 0.0831727, 0.0776002, 0.0927049)
bones/23/rotation = Quaternion(0.396069, 5.56017e-08, -2.67712e-07, 0.918221)
bones/24/rotation = Quaternion(-0.623107, -0.198205, 0.0769895, 0.752679)
bones/25/rotation = Quaternion(-3.04832e-08, 0.920355, -0.391084, 6.94783e-08)
bones/26/position = Vector3(-0.170945, 0.113587, -0.00115817)
bones/26/rotation = Quaternion(0.991343, -0.0331489, 0.029404, 0.123595)
bones/27/rotation = Quaternion(0.446268, -5.85917e-08, 3.13959e-07, 0.894899)
bones/28/rotation = Quaternion(-0.645366, 0.111207, -0.0231558, 0.75538)
bones/29/rotation = Quaternion(3.04807e-08, 0.920355, -0.391084, -6.94914e-08)
bones/30/rotation = Quaternion(0.707107, -2.29302e-07, -4.60552e-08, 0.707107)
bones/31/position = Vector3(0.20182, 0.0297528, 0.20974)
bones/31/rotation = Quaternion(-0.710807, -7.01236e-08, -7.09308e-08, 0.703388)
bones/32/rotation = Quaternion(9.54712e-09, 1.75913e-09, 0.986047, -0.166466)
bones/33/rotation = Quaternion(-1.04035e-07, 0.391084, 0.920355, -2.9526e-08)
bones/35/rotation = Quaternion(1, 8.81481e-12, 1.94707e-07, 1.10423e-12)
bones/37/rotation = Quaternion(0.707107, -3.82385e-08, 1.45009e-07, 0.707107)
bones/38/position = Vector3(-0.170945, 0.0272927, 0.237432)
bones/38/rotation = Quaternion(-0.698976, -7.13945e-08, -6.96457e-08, 0.715145)
bones/39/rotation = Quaternion(-5.76853e-09, 6.36406e-10, 0.994929, 0.100582)
bones/40/rotation = Quaternion(-1.04035e-07, 0.391084, 0.920355, -2.95261e-08)
bones/42/rotation = Quaternion(1, 1.01193e-11, 1.9471e-07, -4.41691e-12)
bones/45/position = Vector3(0.520841, 0.770963, -0.0576374)
bones/45/rotation = Quaternion(0.794627, -1.11759e-07, 0.607098, -5.96046e-08)
bones/47/position = Vector3(-0.510844, 0.770962, 0.0597369)
bones/47/rotation = Quaternion(-0.758253, -1.52737e-07, 0.651961, -1.11759e-08)

[node name="1H_Axe_Offhand" parent="Characters/Barbarian/Rig/Skeleton3D" index="0"]
transform = Transform3D(0.00039606, 0.264333, 0.964431, 0.999809, -0.0189085, 0.00477219, 0.0194978, 0.964245, -0.264291, 0.516076, 0.620175, 0.0140145)

[node name="Barbarian_Round_Shield" parent="Characters/Barbarian/Rig/Skeleton3D" index="1"]
transform = Transform3D(0.000395853, 0.264333, 0.964431, 0.999809, -0.018911, 0.00477309, 0.0195005, 0.964245, -0.26429, 0.662108, 0.621227, -0.042899)

[node name="1H_Axe" parent="Characters/Barbarian/Rig/Skeleton3D" index="2"]
transform = Transform3D(-0.00237681, -0.160313, 0.987063, 0.999851, -0.017196, -0.00038551, 0.0170356, 0.986916, 0.16033, -0.495521, 0.624354, 0.141449)

[node name="2H_Axe" parent="Characters/Barbarian/Rig/Skeleton3D" index="3"]
transform = Transform3D(-0.00237681, -0.160313, 0.987063, 0.999851, -0.017196, -0.00038551, 0.0170356, 0.986916, 0.16033, -0.495521, 0.624354, 0.141449)

[node name="Mug" parent="Characters/Barbarian/Rig/Skeleton3D" index="4"]
transform = Transform3D(-0.00237681, -0.160313, 0.987063, 0.999851, -0.017196, -0.00038551, 0.0170356, 0.986916, 0.16033, -0.48696, 0.324674, 0.0880233)

[node name="Barbarian_Hat" parent="Characters/Barbarian/Rig/Skeleton3D" index="5"]
transform = Transform3D(0.999683, 0.000374566, 0.0251747, -0.00022786, 0.999983, -0.00583013, -0.0251765, 0.00582254, 0.999666, 0.000232892, 1.18002, 0.00365241)

[node name="Barbarian_Cape" parent="Characters/Barbarian/Rig/Skeleton3D" index="6"]
transform = Transform3D(0.996142, 0.000374562, 0.0877581, 0.000137864, 0.999983, -0.00583295, -0.0877588, 0.00582254, 0.996125, 0.000230983, 1.18002, 0.00365257)

[node name="DirectionalLight3D" type="DirectionalLight3D" parent="."]
transform = Transform3D(0.998572, 0.0477985, -0.0238551, -0.0170119, 0.707835, 0.706173, 0.0506395, -0.704759, 0.707637, 0.289022, 8.21207, 0)
shadow_enabled = true

[node name="Floor2" type="StaticBody3D" parent="."]

[node name="Floor" type="MeshInstance3D" parent="Floor2"]
transform = Transform3D(30, 0, 0, 0, 30, 0, 0, 0, 30, 0, 0, 0)
visible = false
mesh = SubResource("PlaneMesh_o8vr5")
skeleton = NodePath("../..")

[node name="CollisionShape3D" type="CollisionShape3D" parent="Floor2"]
transform = Transform3D(30, 0, 0, 0, -1.31134e-06, 30, 0, -30, -1.31134e-06, 0, 0, 0)
shape = SubResource("BoxShape3D_lknay")

[node name="Portal" parent="." instance=ExtResource("10_wksuf")]
transform = Transform3D(1, 0, 0, 0, 1, 0, 0, 0, 1, 6.21744, 0, 16.0452)

[node name="Hideout" parent="." instance=ExtResource("3_uheyo")]
transform = Transform3D(-1, 0, -8.74228e-08, 0, 1, 0, 8.74228e-08, 0, -1, 0, 0, 0)

[node name="Deaths" type="Label" parent="."]
offset_top = 40.0
offset_right = 237.0
offset_bottom = 101.0
theme_override_fonts/font = ExtResource("6_kd8a7")
theme_override_font_sizes/font_size = 50
text = "Deaths:"

[node name="Score" type="Label" parent="."]
offset_right = 526.0
offset_bottom = 61.0
theme_override_fonts/font = ExtResource("6_kd8a7")
theme_override_font_sizes/font_size = 50
text = "Max Score: 10/10"

[node name="Transition" parent="." instance=ExtResource("5_1qjme")]
position = Vector2(1, 0)

[node name="CharacterLabel" type="Label" parent="."]
anchors_preset = 5
anchor_left = 0.5
anchor_right = 0.5
offset_left = -20.0
offset_right = 20.0
offset_bottom = 23.0
grow_horizontal = 2

[node name="Button" type="Button" parent="."]
anchors_preset = 7
anchor_left = 0.5
anchor_top = 1.0
anchor_right = 0.5
anchor_bottom = 1.0
offset_left = -111.0
offset_top = -79.0
offset_right = 114.0
grow_horizontal = 2
grow_vertical = 0
text = "Select"

[node name="WorldEnvironment" type="WorldEnvironment" parent="."]
environment = SubResource("Environment_wbfuk")

[connection signal="pressed" from="Button" to="." method="_on_button_pressed"]

[editable path="Characters/Rogue_Hooded"]
[editable path="Characters/Barbarian"]
