[gd_scene load_steps=14 format=3 uid="uid://ckf3ipmwutb47"]

[ext_resource type="PackedScene" uid="uid://csqg2v0p2s8yw" path="res://player/rogue_hooded.tscn" id="2_aurua"]
[ext_resource type="PackedScene" uid="uid://dh7eqkenjyvhp" path="res://hideout/hideout.tscn" id="3_uheyo"]
[ext_resource type="PackedScene" uid="uid://dawwbik4sgvk7" path="res://player/barbarian.tscn" id="3_wd3uh"]
[ext_resource type="Material" uid="uid://cuinop16et3w1" path="res://assets/resources/grass_material.tres" id="4_vr2du"]
[ext_resource type="PackedScene" uid="uid://ds52ra1i0aaov" path="res://transition/transition.tscn" id="5_1qjme"]
[ext_resource type="Material" uid="uid://bt6m0mc8f1ruy" path="res://assets/Trolling/stillian_material.tres" id="5_33oko"]
[ext_resource type="FontFile" uid="uid://dxh1exxrby0bd" path="res://globals/Diablo Heavy.ttf" id="6_kd8a7"]
[ext_resource type="PackedScene" uid="uid://dcbt3cxtuaj55" path="res://player/mage.tscn" id="7_kerki"]
[ext_resource type="PackedScene" uid="uid://ci7p6fwa6jxd" path="res://portal/portal.tscn" id="10_wksuf"]

[sub_resource type="GDScript" id="GDScript_1jutb"]
script/source = "extends Node3D

@onready var transition = $Transition
@onready var score_max = $Score
@onready var deaths = $Deaths

var current_selected_character_name
var selection_area = preload(\"res://player/selection_area.tscn\")

# Called when the node enters the scene tree for the first time. 
func _ready():
	transition.get_node(\"AnimationPlayer\").play(\"fade_in\")
	score_max.text = \"Best Score: \" + str(Global.best_score)
	deaths.text = \"Deaths: \" + str(Global.deaths)
	
	for character in $Characters.get_children():
		var selection_area_ins = selection_area.instantiate()
		character.add_child(selection_area_ins)
		
func character_selected(character_name):
	current_selected_character_name = character_name
	$CharacterLabel.text = current_selected_character_name
	for character in $Characters.get_children():
		character.get_child(character.get_child_count()-1).hide_selection()


func _on_button_pressed():
	if current_selected_character_name:
		transition.get_node(\"AnimationPlayer\").play(\"fade_out\")
		await get_tree().create_timer(1).timeout
		GameManager.set_player_character(current_selected_character_name)
		get_tree().change_scene_to_file(\"res://level/level2/level_2.tscn\")
"

[sub_resource type="PlaneMesh" id="PlaneMesh_o8vr5"]
material = ExtResource("4_vr2du")

[sub_resource type="BoxShape3D" id="BoxShape3D_lknay"]
size = Vector3(2, 2, 0)

[sub_resource type="PlaneMesh" id="PlaneMesh_2ggeu"]
material = ExtResource("5_33oko")

[node name="Level1" type="Node3D"]
script = SubResource("GDScript_1jutb")

[node name="Characters" type="Node" parent="."]

[node name="Mage" parent="Characters" instance=ExtResource("7_kerki")]
transform = Transform3D(1, 0, 1.74846e-07, 0, 1, 0, -1.74846e-07, 0, 1, 0, 0, 11)

[node name="Rogue_Hooded" parent="Characters" instance=ExtResource("2_aurua")]
transform = Transform3D(-0.688582, 0, -0.725158, 0, 1, 0, 0.725158, 0, -0.688582, -6.52419, 0, 4.73239)
script = null

[node name="Skeleton3D" parent="Characters/Rogue_Hooded/Rig" index="0"]
bones/0/position = Vector3(0, 0.000304891, 0)
bones/1/position = Vector3(5.72578e-26, 0.383395, -2.40157e-19)
bones/1/rotation = Quaternion(0.00115978, 0.0426623, 9.08121e-05, 0.999089)
bones/2/rotation = Quaternion(0.00132548, -0.00087749, 4.73527e-05, 0.999999)
bones/3/rotation = Quaternion(0.000506956, 7.62203e-05, -0.00012574, 1)
bones/4/rotation = Quaternion(-0.553582, -0.0635268, -0.657388, 0.507299)
bones/5/rotation = Quaternion(3.05165e-08, -6.53847e-08, -0.473268, 0.880919)
bones/7/rotation = Quaternion(-0.31682, -0.327314, 0.13367, 0.880127)
bones/8/rotation = Quaternion(0.00162075, 0.00162075, -0.701131, 0.713029)
bones/10/rotation = Quaternion(-0.612992, 0.0835225, 0.630031, 0.469389)
bones/11/rotation = Quaternion(-1.18294e-09, 6.14298e-08, 0.497484, 0.867473)
bones/13/rotation = Quaternion(-0.31528, 0.30132, -0.215308, 0.873755)
bones/14/rotation = Quaternion(0.00401494, 0.00472901, 0.70292, 0.711242)
bones/21/position = Vector3(0.170945, 0.113587, -0.00110423)
bones/21/rotation = Quaternion(0.992557, 0.0821857, 0.0752839, 0.0490791)
bones/22/rotation = Quaternion(0.299569, 6.51037e-08, -2.10583e-07, 0.954075)
bones/23/rotation = Quaternion(-0.565738, -0.20383, 0.0580175, 0.796886)
bones/24/rotation = Quaternion(-2.97862e-08, 0.919844, -0.392284, 6.93551e-08)
bones/25/position = Vector3(-0.170945, 0.113587, 0.00110425)
bones/25/rotation = Quaternion(0.994493, -0.0306086, 0.0305813, 0.095456)
bones/26/rotation = Quaternion(0.353999, -6.23013e-08, 2.45876e-07, 0.935246)
bones/27/rotation = Quaternion(-0.600878, 0.112482, -0.0153656, 0.791238)
bones/28/rotation = Quaternion(3.04804e-08, 0.920355, -0.391084, -6.94876e-08)
bones/29/position = Vector3(0.170945, 0.292812, 0.576314)
bones/30/position = Vector3(0.20182, 0.0270941, 0.197828)
bones/30/rotation = Quaternion(-0.699423, -7.12432e-08, -6.97977e-08, 0.714708)
bones/36/position = Vector3(-0.170945, 0.292812, 0.576314)
bones/37/position = Vector3(-0.170945, 0.0291634, 0.249758)
bones/37/rotation = Quaternion(-0.709301, -7.04026e-08, -7.06806e-08, 0.704906)
bones/44/position = Vector3(0.520841, 0.770567, -0.0576374)
bones/46/position = Vector3(-0.510844, 0.770567, 0.0597369)

[node name="Knife_Offhand" parent="Characters/Rogue_Hooded/Rig/Skeleton3D" index="0"]
transform = Transform3D(0.000323685, 0.259754, 0.965674, 0.999725, -0.0226828, 0.00576658, 0.0234023, 0.965408, -0.25969, 0.507383, 0.618907, -0.0181646)

[node name="1H_Crossbow" parent="Characters/Rogue_Hooded/Rig/Skeleton3D" index="1"]
transform = Transform3D(0.986245, -0.165267, 0.00249431, -0.000419808, -0.0175931, -0.999844, 0.165286, 0.986091, -0.0174209, -0.490019, 0.72741, 0.095402)

[node name="2H_Crossbow" parent="Characters/Rogue_Hooded/Rig/Skeleton3D" index="2"]
transform = Transform3D(0.986245, -0.165267, 0.00249431, -0.000419808, -0.0175931, -0.999844, 0.165286, 0.986091, -0.0174209, -0.490019, 0.72741, 0.095402)

[node name="Knife" parent="Characters/Rogue_Hooded/Rig/Skeleton3D" index="3"]
transform = Transform3D(-0.0024943, -0.165267, 0.986245, 0.999844, -0.017593, -0.000419785, 0.0174207, 0.986091, 0.165286, -0.49147, 0.622615, 0.103794)

[node name="Throwable" parent="Characters/Rogue_Hooded/Rig/Skeleton3D" index="4"]
transform = Transform3D(-0.00249428, -0.165267, 0.986245, 0.999844, -0.017593, -0.0004198, 0.0174207, 0.986091, 0.165286, -0.521259, 0.619444, 0.281533)

[node name="Rogue_Cape" parent="Characters/Rogue_Hooded/Rig/Skeleton3D" index="5"]
transform = Transform3D(0.996547, 0.000378436, 0.0830317, 0.000118098, 0.999982, -0.00597507, -0.0830325, 0.00596424, 0.996529, 9.23292e-05, 1.1939, 0.0037626)

[node name="Barbarian" parent="Characters" instance=ExtResource("3_wd3uh")]
transform = Transform3D(0.957637, 0, -0.287979, 0, 1, 0, 0.287979, 0, 0.957637, 0.549507, 0, -0.252919)

[node name="Skeleton3D" parent="Characters/Barbarian/Rig" index="0"]
bones/1/position = Vector3(1.05307e-18, 0.383409, -1.05307e-18)
bones/4/rotation = Quaternion(-0.553582, -0.0635268, -0.657388, 0.507299)
bones/5/rotation = Quaternion(3.05165e-08, -6.53847e-08, -0.473268, 0.880919)
bones/7/rotation = Quaternion(-0.31682, -0.327314, 0.13367, 0.880127)
bones/8/rotation = Quaternion(0.00162075, 0.00162075, -0.701131, 0.713029)
bones/11/rotation = Quaternion(-0.612992, 0.0835225, 0.630031, 0.469389)
bones/12/rotation = Quaternion(-1.18294e-09, 6.14298e-08, 0.497484, 0.867473)
bones/14/rotation = Quaternion(-0.31528, 0.30132, -0.215308, 0.873755)
bones/15/rotation = Quaternion(0.00401494, 0.00472901, 0.70292, 0.711242)
bones/22/rotation = Quaternion(0.992355, 0.0824739, 0.0749417, 0.0530437)
bones/23/rotation = Quaternion(0.291429, 6.5264e-08, -2.04916e-07, 0.956593)
bones/24/rotation = Quaternion(-0.568404, -0.203663, 0.058695, 0.79498)
bones/26/rotation = Quaternion(0.995147, -0.0308189, 0.0303839, 0.0883728)
bones/27/rotation = Quaternion(0.355173, -6.22664e-08, 2.46661e-07, 0.934801)
bones/28/rotation = Quaternion(-0.595954, 0.112604, -0.01467, 0.794949)
bones/45/position = Vector3(0.520841, 0.770567, -0.0576374)
bones/47/position = Vector3(-0.510844, 0.770567, 0.0597369)

[node name="1H_Axe_Offhand" parent="Characters/Barbarian/Rig/Skeleton3D" index="0"]
transform = Transform3D(0.000402675, 0.264331, 0.964431, 0.999729, -0.0225395, 0.00576046, 0.0232608, 0.964168, -0.264269, 0.516241, 0.618428, 0.0115301)

[node name="Barbarian_Round_Shield" parent="Characters/Barbarian/Rig/Skeleton3D" index="1"]
transform = Transform3D(0.000402468, 0.264331, 0.964431, 0.999729, -0.022542, 0.00576136, 0.0232634, 0.964168, -0.264269, 0.662274, 0.619693, -0.0453788)

[node name="1H_Axe" parent="Characters/Barbarian/Rig/Skeleton3D" index="2"]
transform = Transform3D(-0.00244384, -0.160587, 0.987018, 0.999847, -0.0174601, -0.000365594, 0.0172926, 0.986867, 0.160606, -0.496183, 0.622291, 0.138981)

[node name="2H_Axe" parent="Characters/Barbarian/Rig/Skeleton3D" index="3"]
transform = Transform3D(-0.00244384, -0.160587, 0.987018, 0.999847, -0.0174601, -0.000365594, 0.0172926, 0.986867, 0.160606, -0.496183, 0.622291, 0.138981)

[node name="Mug" parent="Characters/Barbarian/Rig/Skeleton3D" index="4"]
transform = Transform3D(-0.00244384, -0.160587, 0.987018, 0.999847, -0.0174601, -0.000365594, 0.0172926, 0.986867, 0.160606, -0.487588, 0.322626, 0.0854804)

[node name="Barbarian_Hat" parent="Characters/Barbarian/Rig/Skeleton3D" index="5"]
transform = Transform3D(0.999683, 0.000374566, 0.0251748, -0.00022786, 0.999983, -0.00583013, -0.0251765, 0.00582254, 0.999666, 0.000232892, 1.19416, 0.00365241)

[node name="Barbarian_Cape" parent="Characters/Barbarian/Rig/Skeleton3D" index="6"]
transform = Transform3D(0.996142, 0.000374563, 0.087758, 0.000137864, 0.999983, -0.00583295, -0.0877587, 0.00582254, 0.996125, 0.000230984, 1.19416, 0.00365258)

[node name="DirectionalLight3D" type="DirectionalLight3D" parent="."]
transform = Transform3D(0.998572, 0.0477985, -0.0238551, -0.0170119, 0.707835, 0.706173, 0.0506395, -0.704759, 0.707637, 0.289022, 8.21207, 0)
shadow_enabled = true

[node name="Floor2" type="StaticBody3D" parent="."]

[node name="Floor" type="MeshInstance3D" parent="Floor2"]
transform = Transform3D(30, 0, 0, 0, 30, 0, 0, 0, 30, 0, 0, 0)
mesh = SubResource("PlaneMesh_o8vr5")
skeleton = NodePath("../..")

[node name="CollisionShape3D" type="CollisionShape3D" parent="Floor2"]
transform = Transform3D(30, 0, 0, 0, -1.31134e-06, 30, 0, -30, -1.31134e-06, 0, 0, 0)
shape = SubResource("BoxShape3D_lknay")

[node name="Stillian2" type="MeshInstance3D" parent="Floor2"]
transform = Transform3D(1.99253, 0, -0.172712, 0, 2, 0, 0.172712, 0, 1.99253, -1.86541, 0.1, -13.8502)
mesh = SubResource("PlaneMesh_2ggeu")

[node name="Stillian3" type="MeshInstance3D" parent="Floor2"]
transform = Transform3D(1.60027, 0, 1.19964, 0, 2, 0, -1.19964, 0, 1.60027, -7.26842, 0.1, -12.3934)
mesh = SubResource("PlaneMesh_2ggeu")

[node name="Stillian4" type="MeshInstance3D" parent="Floor2"]
transform = Transform3D(1.80403, 0, -0.863416, 0, 2, 0, 0.863416, 0, 1.80403, 3.12658, 0.1, -12.7263)
mesh = SubResource("PlaneMesh_2ggeu")

[node name="Portal" parent="." instance=ExtResource("10_wksuf")]
transform = Transform3D(1, 0, 0, 0, 1, 0, 0, 0, 1, 6.21744, 0, 16.0452)

[node name="Hideout" parent="." instance=ExtResource("3_uheyo")]
transform = Transform3D(-1, 0, -8.74228e-08, 0, 1, 0, 8.74228e-08, 0, -1, 0, 0, 0)

[node name="Deaths" type="Label" parent="."]
offset_top = 40.0
offset_right = 237.0
offset_bottom = 101.0
theme_override_fonts/font = ExtResource("6_kd8a7")
theme_override_font_sizes/font_size = 50
text = "Deaths:"

[node name="Score" type="Label" parent="."]
offset_right = 526.0
offset_bottom = 61.0
theme_override_fonts/font = ExtResource("6_kd8a7")
theme_override_font_sizes/font_size = 50
text = "Max Score: 10/10"

[node name="Transition" parent="." instance=ExtResource("5_1qjme")]
position = Vector2(1, 0)

[node name="CharacterLabel" type="Label" parent="."]
anchors_preset = 5
anchor_left = 0.5
anchor_right = 0.5
offset_left = -20.0
offset_right = 20.0
offset_bottom = 23.0
grow_horizontal = 2

[node name="Button" type="Button" parent="."]
anchors_preset = 7
anchor_left = 0.5
anchor_top = 1.0
anchor_right = 0.5
anchor_bottom = 1.0
offset_left = -111.0
offset_top = -79.0
offset_right = 114.0
grow_horizontal = 2
grow_vertical = 0
text = "Select"

[connection signal="pressed" from="Button" to="." method="_on_button_pressed"]

[editable path="Characters/Rogue_Hooded"]
[editable path="Characters/Barbarian"]
