[gd_scene load_steps=12 format=3 uid="uid://ckf3ipmwutb47"]

[ext_resource type="PackedScene" uid="uid://csqg2v0p2s8yw" path="res://player/rogue_hooded.tscn" id="2_aurua"]
[ext_resource type="PackedScene" uid="uid://dh7eqkenjyvhp" path="res://hideout/hideout.tscn" id="3_uheyo"]
[ext_resource type="PackedScene" uid="uid://dawwbik4sgvk7" path="res://player/barbarian.tscn" id="3_wd3uh"]
[ext_resource type="PackedScene" uid="uid://ds52ra1i0aaov" path="res://transition/transition.tscn" id="5_1qjme"]
[ext_resource type="FontFile" uid="uid://dxh1exxrby0bd" path="res://globals/Diablo Heavy.ttf" id="6_kd8a7"]
[ext_resource type="PackedScene" uid="uid://dcbt3cxtuaj55" path="res://player/mage.tscn" id="7_kerki"]
[ext_resource type="PackedScene" uid="uid://ci7p6fwa6jxd" path="res://portal/portal.tscn" id="10_wksuf"]

[sub_resource type="GDScript" id="GDScript_1jutb"]
script/source = "extends Node3D

@onready var transition = $Transition
@onready var score_max = $Score
@onready var deaths = $Deaths

var current_selected_character_name
var selection_area = preload(\"res://player/selection_area.tscn\")

# Called when the node enters the scene tree for the first time.
func _ready():
	transition.get_node(\"AnimationPlayer\").play(\"fade_in\")
	score_max.text = \"Best Score: \" + str(Global.best_score)
	deaths.text = \"Deaths: \" + str(Global.deaths)
	
	for character in $Characters.get_children():
		var selection_area_ins = selection_area.instantiate()
		character.add_child(selection_area_ins)
		
func character_selected(character_name):
	current_selected_character_name = character_name
	$CharacterLabel.text = current_selected_character_name
	for character in $Characters.get_children():
		character.get_child(character.get_child_count()-1).hide_selection()


func _on_button_pressed():
	if current_selected_character_name:
		transition.get_node(\"AnimationPlayer\").play(\"fade_out\")
		await get_tree().create_timer(1).timeout
		GameManager.set_player_character(current_selected_character_name)
		get_tree().change_scene_to_file(\"res://level/level2/level_2.tscn\")
"

[sub_resource type="StandardMaterial3D" id="StandardMaterial3D_n72or"]
albedo_color = Color(0.0784314, 0.239216, 0.0627451, 1)

[sub_resource type="PlaneMesh" id="PlaneMesh_o8vr5"]
material = SubResource("StandardMaterial3D_n72or")

[sub_resource type="BoxShape3D" id="BoxShape3D_lknay"]
size = Vector3(2, 2, 0)

[node name="Level1" type="Node3D"]
script = SubResource("GDScript_1jutb")

[node name="Characters" type="Node" parent="."]

[node name="Mage" parent="Characters" instance=ExtResource("7_kerki")]
transform = Transform3D(1, 0, 1.74846e-07, 0, 1, 0, -1.74846e-07, 0, 1, 0, 0, 11)

[node name="Rogue_Hooded" parent="Characters" instance=ExtResource("2_aurua")]
transform = Transform3D(-0.688582, 0, -0.725158, 0, 1, 0, 0.725158, 0, -0.688582, -6.52419, 0, 4.73239)
script = null

[node name="Skeleton3D" parent="Characters/Rogue_Hooded/Rig" index="0"]
bones/0/position = Vector3(0, 0.000240899, 0)
bones/0/rotation = Quaternion(-1.06819e-11, -0.000310285, -1.85015e-11, 1)
bones/1/position = Vector3(1.34647e-19, 0.373591, 7.83778e-19)
bones/1/rotation = Quaternion(0.00110891, 0.0426621, 8.86518e-05, 0.999089)
bones/2/rotation = Quaternion(0.00132267, 0.000949379, -9.9255e-05, 0.999999)
bones/3/rotation = Quaternion(0.000497298, 0.000105748, 2.60875e-05, 1)
bones/4/rotation = Quaternion(-0.553235, -0.0568139, -0.637262, 0.53348)
bones/5/rotation = Quaternion(2.48866e-08, -5.63328e-08, -0.515388, 0.856957)
bones/7/rotation = Quaternion(-0.321838, -0.336801, 0.150581, 0.871958)
bones/8/rotation = Quaternion(0.000723088, 0.000723078, -0.704448, 0.709755)
bones/10/rotation = Quaternion(-0.611686, 0.0772435, 0.612786, 0.494335)
bones/11/rotation = Quaternion(4.79515e-09, 5.69903e-08, 0.537763, 0.843096)
bones/13/rotation = Quaternion(-0.32078, 0.312999, -0.232716, 0.863119)
bones/14/rotation = Quaternion(0.00230395, 0.00271371, 0.70471, 0.709486)
bones/19/rotation = Quaternion(-5.8061e-11, -0.0313416, -1.88013e-09, 0.999509)
bones/21/position = Vector3(0.170945, 0.113587, 0.000328281)
bones/21/rotation = Quaternion(0.990445, 0.0826545, 0.0769836, 0.0791197)
bones/22/rotation = Quaternion(0.367027, 6.28719e-08, -2.54604e-07, 0.93021)
bones/23/rotation = Quaternion(-0.606824, -0.200054, 0.071332, 0.765934)
bones/24/rotation = Quaternion(-3.04725e-08, 0.920355, -0.391084, 6.9487e-08)
bones/25/position = Vector3(-0.170945, 0.113587, -0.000328253)
bones/25/rotation = Quaternion(0.992472, -0.0323475, 0.0297536, 0.114311)
bones/26/rotation = Quaternion(0.421077, -6.00878e-08, 2.92838e-07, 0.907025)
bones/27/rotation = Quaternion(-0.632155, 0.111668, -0.0207609, 0.766472)
bones/28/rotation = Quaternion(3.0481e-08, 0.920355, -0.391084, -6.949e-08)
bones/29/position = Vector3(0.170945, 0.292946, 0.576448)
bones/29/rotation = Quaternion(0.707107, -2.29302e-07, -4.60552e-08, 0.707107)
bones/30/position = Vector3(0.20182, 0.0267147, 0.207222)
bones/30/rotation = Quaternion(-0.707887, -7.04279e-08, -7.06304e-08, 0.706326)
bones/31/rotation = Quaternion(9.54712e-09, 1.75913e-09, 0.986047, -0.166466)
bones/32/rotation = Quaternion(-1.04035e-07, 0.391084, 0.920355, -2.9526e-08)
bones/34/rotation = Quaternion(1, 8.81481e-12, 1.94707e-07, 1.10423e-12)
bones/36/position = Vector3(-0.170945, 0.292946, 0.576448)
bones/36/rotation = Quaternion(0.707107, -3.82385e-08, 1.45009e-07, 0.707107)
bones/37/position = Vector3(-0.170945, 0.0268426, 0.239424)
bones/37/rotation = Quaternion(-0.699784, -7.1321e-08, -6.97219e-08, 0.714355)
bones/38/rotation = Quaternion(-5.76853e-09, 6.36406e-10, 0.994929, 0.100582)
bones/39/rotation = Quaternion(-1.04035e-07, 0.391084, 0.920355, -2.95261e-08)
bones/41/rotation = Quaternion(1, 1.01193e-11, 1.9471e-07, -4.41691e-12)
bones/44/position = Vector3(0.520841, 0.778123, -0.0576374)
bones/44/rotation = Quaternion(0.794627, -1.11759e-07, 0.607098, -5.96046e-08)
bones/46/position = Vector3(-0.510844, 0.778123, 0.0597369)
bones/46/rotation = Quaternion(-0.758253, -1.52737e-07, 0.651961, -1.11759e-08)

[node name="Knife_Offhand" parent="Characters/Rogue_Hooded/Rig/Skeleton3D" index="0"]
transform = Transform3D(0.000378659, 0.263339, 0.964702, 0.999906, -0.0132361, 0.00322087, 0.0136173, 0.964612, -0.26332, 0.507415, 0.627417, -0.0171522)

[node name="1H_Crossbow" parent="Characters/Rogue_Hooded/Rig/Skeleton3D" index="1"]
transform = Transform3D(0.98769, -0.156413, 0.0012309, -0.000727787, -0.0124628, -0.999921, 0.156416, 0.987612, -0.0124235, -0.488911, 0.736361, 0.0995606)

[node name="2H_Crossbow" parent="Characters/Rogue_Hooded/Rig/Skeleton3D" index="2"]
transform = Transform3D(0.98769, -0.156413, 0.0012309, -0.000727787, -0.0124628, -0.999921, 0.156416, 0.987612, -0.0124235, -0.488911, 0.736361, 0.0995606)

[node name="Knife" parent="Characters/Rogue_Hooded/Rig/Skeleton3D" index="3"]
transform = Transform3D(-0.00123089, -0.156412, 0.98769, 0.999921, -0.0124627, -0.000727765, 0.0124233, 0.987612, 0.156416, -0.490402, 0.631612, 0.108491)

[node name="Throwable" parent="Characters/Rogue_Hooded/Rig/Skeleton3D" index="4"]
transform = Transform3D(-0.00123088, -0.156413, 0.98769, 0.999921, -0.0124627, -0.00072778, 0.0124233, 0.987612, 0.156416, -0.518595, 0.629366, 0.286504)

[node name="Rogue_Cape" parent="Characters/Rogue_Hooded/Rig/Skeleton3D" index="5"]
transform = Transform3D(0.996232, 0.000374428, 0.0867302, 0.00013326, 0.999983, -0.00584778, -0.0867309, 0.00583731, 0.996215, 0.000202559, 1.18403, 0.00366239)

[node name="Barbarian" parent="Characters" instance=ExtResource("3_wd3uh")]
transform = Transform3D(0.957637, 0, -0.287979, 0, 1, 0, 0.287979, 0, 0.957637, 0.549507, 0, -0.252919)

[node name="Skeleton3D" parent="Characters/Barbarian/Rig" index="0"]
bones/0/position = Vector3(0, 0.00054945, 0)
bones/0/rotation = Quaternion(-1.06819e-11, -0.000310285, -1.85015e-11, 1)
bones/1/position = Vector3(1.05307e-18, 0.373873, -1.05307e-18)
bones/1/rotation = Quaternion(0.00110891, 0.0426621, 8.86518e-05, 0.999089)
bones/2/rotation = Quaternion(0.00131789, 0.00145746, -0.000139557, 0.999998)
bones/3/rotation = Quaternion(0.00049469, 0.000113668, 6.68642e-05, 1)
bones/4/rotation = Quaternion(-0.553235, -0.0568139, -0.637262, 0.53348)
bones/5/rotation = Quaternion(2.48866e-08, -5.63328e-08, -0.515388, 0.856957)
bones/7/rotation = Quaternion(-0.321838, -0.336801, 0.150581, 0.871958)
bones/8/rotation = Quaternion(0.000723088, 0.000723078, -0.704448, 0.709755)
bones/11/rotation = Quaternion(-0.611686, 0.0772435, 0.612786, 0.494335)
bones/12/rotation = Quaternion(4.79515e-09, 5.69903e-08, 0.537763, 0.843096)
bones/14/rotation = Quaternion(-0.32078, 0.312999, -0.232716, 0.863119)
bones/15/rotation = Quaternion(0.00230395, 0.00271371, 0.70471, 0.709486)
bones/19/rotation = Quaternion(-5.80608e-11, -0.0313417, -1.88012e-09, 0.999509)
bones/22/position = Vector3(0.170945, 0.113587, 0.0011582)
bones/22/rotation = Quaternion(0.990298, 0.0827963, 0.0768242, 0.0809522)
bones/23/rotation = Quaternion(0.364907, 6.29349e-08, -2.53127e-07, 0.931044)
bones/24/rotation = Quaternion(-0.606745, -0.200066, 0.0713056, 0.765996)
bones/25/rotation = Quaternion(-3.04832e-08, 0.920355, -0.391084, 6.94783e-08)
bones/26/position = Vector3(-0.170945, 0.113587, -0.00115817)
bones/26/rotation = Quaternion(0.992635, -0.0323927, 0.0297097, 0.112885)
bones/27/rotation = Quaternion(0.4185, -6.0153e-08, 2.91082e-07, 0.908217)
bones/28/rotation = Quaternion(-0.630215, 0.111718, -0.0204777, 0.768069)
bones/29/rotation = Quaternion(3.04807e-08, 0.920355, -0.391084, -6.94914e-08)
bones/30/rotation = Quaternion(0.707107, -2.29302e-07, -4.60552e-08, 0.707107)
bones/31/position = Vector3(0.20182, 0.0297528, 0.20974)
bones/31/rotation = Quaternion(-0.710807, -7.01236e-08, -7.09308e-08, 0.703388)
bones/32/rotation = Quaternion(9.54712e-09, 1.75913e-09, 0.986047, -0.166466)
bones/33/rotation = Quaternion(-1.04035e-07, 0.391084, 0.920355, -2.9526e-08)
bones/35/rotation = Quaternion(1, 8.81481e-12, 1.94707e-07, 1.10423e-12)
bones/37/rotation = Quaternion(0.707107, -3.82385e-08, 1.45009e-07, 0.707107)
bones/38/position = Vector3(-0.170945, 0.0272927, 0.237432)
bones/38/rotation = Quaternion(-0.698976, -7.13945e-08, -6.96457e-08, 0.715145)
bones/39/rotation = Quaternion(-5.76853e-09, 6.36406e-10, 0.994929, 0.100582)
bones/40/rotation = Quaternion(-1.04035e-07, 0.391084, 0.920355, -2.95261e-08)
bones/42/rotation = Quaternion(1, 1.01193e-11, 1.9471e-07, -4.41691e-12)
bones/45/position = Vector3(0.520841, 0.778123, -0.0576374)
bones/45/rotation = Quaternion(0.794627, -1.11759e-07, 0.607098, -5.96046e-08)
bones/47/position = Vector3(-0.510844, 0.778123, 0.0597369)
bones/47/rotation = Quaternion(-0.758253, -1.52737e-07, 0.651961, -1.11759e-08)

[node name="1H_Axe_Offhand" parent="Characters/Barbarian/Rig/Skeleton3D" index="0"]
transform = Transform3D(0.000386915, 0.264335, 0.96443, 0.999907, -0.0132207, 0.00322264, 0.0136025, 0.96434, -0.264316, 0.516236, 0.627569, 0.0144588)

[node name="Barbarian_Round_Shield" parent="Characters/Barbarian/Rig/Skeleton3D" index="1"]
transform = Transform3D(0.000386708, 0.264335, 0.96443, 0.999907, -0.0132232, 0.00322354, 0.0136052, 0.96434, -0.264315, 0.662268, 0.628287, -0.0424602)

[node name="1H_Axe" parent="Characters/Barbarian/Rig/Skeleton3D" index="2"]
transform = Transform3D(-0.00122404, -0.155393, 0.987851, 0.999922, -0.0124493, -0.000719653, 0.0124102, 0.987774, 0.155397, -0.495439, 0.631787, 0.141912)

[node name="2H_Axe" parent="Characters/Barbarian/Rig/Skeleton3D" index="3"]
transform = Transform3D(-0.00122404, -0.155393, 0.987851, 0.999922, -0.0124493, -0.000719653, 0.0124102, 0.987774, 0.155397, -0.495439, 0.631787, 0.141912)

[node name="Mug" parent="Characters/Barbarian/Rig/Skeleton3D" index="4"]
transform = Transform3D(-0.00122404, -0.155393, 0.987851, 0.999922, -0.0124493, -0.000719653, 0.0124102, 0.987774, 0.155397, -0.487465, 0.331853, 0.0898347)

[node name="Barbarian_Hat" parent="Characters/Barbarian/Rig/Skeleton3D" index="5"]
transform = Transform3D(0.999683, 0.000374566, 0.0251747, -0.00022786, 0.999983, -0.00583013, -0.0251765, 0.00582254, 0.999666, 0.000232892, 1.18462, 0.00365241)

[node name="Barbarian_Cape" parent="Characters/Barbarian/Rig/Skeleton3D" index="6"]
transform = Transform3D(0.996142, 0.000374562, 0.0877581, 0.000137864, 0.999983, -0.00583295, -0.0877588, 0.00582254, 0.996125, 0.000230983, 1.18462, 0.00365257)

[node name="DirectionalLight3D" type="DirectionalLight3D" parent="."]
transform = Transform3D(0.998572, 0.0477985, -0.0238551, -0.0170119, 0.707835, 0.706173, 0.0506395, -0.704759, 0.707637, 0.289022, 8.21207, 0)
shadow_enabled = true

[node name="Floor2" type="StaticBody3D" parent="."]

[node name="Floor" type="MeshInstance3D" parent="Floor2"]
transform = Transform3D(30, 0, 0, 0, 30, 0, 0, 0, 30, 0, 0, 0)
mesh = SubResource("PlaneMesh_o8vr5")
skeleton = NodePath("../..")

[node name="CollisionShape3D" type="CollisionShape3D" parent="Floor2"]
transform = Transform3D(30, 0, 0, 0, -1.31134e-06, 30, 0, -30, -1.31134e-06, 0, 0, 0)
shape = SubResource("BoxShape3D_lknay")

[node name="Portal" parent="." instance=ExtResource("10_wksuf")]
transform = Transform3D(1, 0, 0, 0, 1, 0, 0, 0, 1, 6.21744, 0, 16.0452)

[node name="Hideout" parent="." instance=ExtResource("3_uheyo")]
transform = Transform3D(-1, 0, -8.74228e-08, 0, 1, 0, 8.74228e-08, 0, -1, 0, 0, 0)

[node name="Deaths" type="Label" parent="."]
offset_top = 40.0
offset_right = 237.0
offset_bottom = 101.0
theme_override_fonts/font = ExtResource("6_kd8a7")
theme_override_font_sizes/font_size = 50
text = "Deaths:"

[node name="Score" type="Label" parent="."]
offset_right = 526.0
offset_bottom = 61.0
theme_override_fonts/font = ExtResource("6_kd8a7")
theme_override_font_sizes/font_size = 50
text = "Max Score: 10/10"

[node name="Transition" parent="." instance=ExtResource("5_1qjme")]
position = Vector2(1, 0)

[node name="CharacterLabel" type="Label" parent="."]
anchors_preset = 5
anchor_left = 0.5
anchor_right = 0.5
offset_left = -20.0
offset_right = 20.0
offset_bottom = 23.0
grow_horizontal = 2

[node name="Button" type="Button" parent="."]
anchors_preset = 7
anchor_left = 0.5
anchor_top = 1.0
anchor_right = 0.5
anchor_bottom = 1.0
offset_left = -111.0
offset_top = -79.0
offset_right = 114.0
grow_horizontal = 2
grow_vertical = 0
text = "Select"

[connection signal="pressed" from="Button" to="." method="_on_button_pressed"]

[editable path="Characters/Rogue_Hooded"]
[editable path="Characters/Barbarian"]
