[gd_scene load_steps=12 format=3 uid="uid://ckf3ipmwutb47"]

[ext_resource type="PackedScene" uid="uid://csqg2v0p2s8yw" path="res://player/rogue_hooded.tscn" id="2_aurua"]
[ext_resource type="PackedScene" uid="uid://dh7eqkenjyvhp" path="res://hideout/hideout.tscn" id="3_uheyo"]
[ext_resource type="PackedScene" uid="uid://dawwbik4sgvk7" path="res://player/barbarian.tscn" id="3_wd3uh"]
[ext_resource type="PackedScene" uid="uid://ds52ra1i0aaov" path="res://transition/transition.tscn" id="5_1qjme"]
[ext_resource type="FontFile" uid="uid://dxh1exxrby0bd" path="res://globals/Diablo Heavy.ttf" id="6_kd8a7"]
[ext_resource type="PackedScene" uid="uid://dcbt3cxtuaj55" path="res://player/mage.tscn" id="7_kerki"]
[ext_resource type="PackedScene" uid="uid://ci7p6fwa6jxd" path="res://portal/portal.tscn" id="10_wksuf"]

[sub_resource type="GDScript" id="GDScript_1jutb"]
script/source = "extends Node3D

@onready var transition = $Transition
@onready var score_max = $Score
@onready var deaths = $Deaths

var current_selected_character_name
var selection_area = preload(\"res://player/selection_area.tscn\")

# Called when the node enters the scene tree for the first time. 
func _ready():
	transition.get_node(\"AnimationPlayer\").play(\"fade_in\")
	score_max.text = \"Best Score: \" + str(Global.best_score)
	deaths.text = \"Deaths: \" + str(Global.deaths)
	
	for character in $Characters.get_children():
		var selection_area_ins = selection_area.instantiate()
		character.add_child(selection_area_ins)
		
func character_selected(character_name):
	current_selected_character_name = character_name
	$CharacterLabel.text = current_selected_character_name
	for character in $Characters.get_children():
		character.get_child(character.get_child_count()-1).hide_selection()


func _on_button_pressed():
	if current_selected_character_name:
		transition.get_node(\"AnimationPlayer\").play(\"fade_out\")
		await get_tree().create_timer(1).timeout
		GameManager.set_player_character(current_selected_character_name)
		get_tree().change_scene_to_file(\"res://level/level2/level_2.tscn\")
"

[sub_resource type="StandardMaterial3D" id="StandardMaterial3D_n72or"]
albedo_color = Color(0.0784314, 0.239216, 0.0627451, 1)

[sub_resource type="PlaneMesh" id="PlaneMesh_o8vr5"]
material = SubResource("StandardMaterial3D_n72or")

[sub_resource type="BoxShape3D" id="BoxShape3D_lknay"]
size = Vector3(2, 2, 0)

[node name="Level1" type="Node3D"]
script = SubResource("GDScript_1jutb")

[node name="Characters" type="Node" parent="."]

[node name="Mage" parent="Characters" instance=ExtResource("7_kerki")]
transform = Transform3D(1, 0, 1.74846e-07, 0, 1, 0, -1.74846e-07, 0, 1, 0, 0, 11)

[node name="Rogue_Hooded" parent="Characters" instance=ExtResource("2_aurua")]
transform = Transform3D(-0.688582, 0, -0.725158, 0, 1, 0, 0.725158, 0, -0.688582, -6.52419, 0, 4.73239)
script = null

[node name="Skeleton3D" parent="Characters/Rogue_Hooded/Rig" index="0"]
bones/0/position = Vector3(0, 0.000106183, 0)
bones/0/rotation = Quaternion(-1.06819e-11, -0.000310285, -1.85015e-11, 1)
bones/1/position = Vector3(3.38861e-19, 0.388763, 3.75353e-19)
bones/1/rotation = Quaternion(0.00112382, 0.0426622, 8.92848e-05, 0.999089)
bones/2/rotation = Quaternion(0.00132509, 0.000627635, -7.37081e-05, 0.999999)
bones/3/rotation = Quaternion(0.000498986, 0.000100613, -3.39198e-07, 1)
bones/4/rotation = Quaternion(-0.557344, -0.0622993, -0.650527, 0.512153)
bones/5/rotation = Quaternion(1.90511e-08, -5.30811e-08, -0.483795, 0.875181)
bones/7/rotation = Quaternion(-0.319025, -0.325678, 0.139932, 0.878963)
bones/8/rotation = Quaternion(0.000901219, 0.000901194, -0.703791, 0.710406)
bones/10/rotation = Quaternion(-0.616178, 0.0821823, 0.623834, 0.47371)
bones/11/rotation = Quaternion(1.99608e-08, 5.97185e-08, 0.507513, 0.861644)
bones/13/rotation = Quaternion(-0.317321, 0.300218, -0.221525, 0.871839)
bones/14/rotation = Quaternion(0.00171739, 0.00202283, 0.705322, 0.708882)
bones/19/rotation = Quaternion(-5.8061e-11, -0.0313416, -1.88013e-09, 0.999509)
bones/21/position = Vector3(0.170945, 0.113587, -0.000162406)
bones/21/rotation = Quaternion(0.993486, 0.0824994, 0.0735907, 0.0276373)
bones/22/rotation = Quaternion(0.235433, 6.4524e-08, -1.6339e-07, 0.971891)
bones/23/rotation = Quaternion(-0.538079, -0.205864, 0.049333, 0.815878)
bones/24/rotation = Quaternion(-3.03259e-08, 0.92015, -0.391565, 6.94748e-08)
bones/25/position = Vector3(-0.170945, 0.113587, 0.000162433)
bones/25/rotation = Quaternion(0.996383, -0.0296259, 0.030976, 0.0733774)
bones/26/rotation = Quaternion(0.312703, -6.35522e-08, 2.17287e-07, 0.949851)
bones/27/rotation = Quaternion(-0.574442, 0.11301, -0.0110948, 0.81063)
bones/28/rotation = Quaternion(3.04809e-08, 0.920355, -0.391084, -6.94896e-08)
bones/29/position = Vector3(0.170945, 0.293233, 0.576736)
bones/29/rotation = Quaternion(0.707107, -2.29302e-07, -4.60552e-08, 0.707107)
bones/30/position = Vector3(0.20182, 0.0257268, 0.205493)
bones/30/rotation = Quaternion(-0.706826, -7.05561e-08, -7.05003e-08, 0.707388)
bones/31/rotation = Quaternion(9.54712e-09, 1.75913e-09, 0.986047, -0.166466)
bones/32/rotation = Quaternion(-1.04035e-07, 0.391084, 0.920355, -2.9526e-08)
bones/34/rotation = Quaternion(1, 8.81481e-12, 1.94707e-07, 1.10423e-12)
bones/36/position = Vector3(-0.170945, 0.293233, 0.576735)
bones/36/rotation = Quaternion(0.707107, -3.82385e-08, 1.45009e-07, 0.707107)
bones/37/position = Vector3(-0.170945, 0.0263999, 0.241847)
bones/37/rotation = Quaternion(-0.701135, -7.11957e-08, -6.98517e-08, 0.713029)
bones/38/rotation = Quaternion(-5.76853e-09, 6.36406e-10, 0.994929, 0.100582)
bones/39/rotation = Quaternion(-1.04035e-07, 0.391084, 0.920355, -2.95261e-08)
bones/41/rotation = Quaternion(1, 1.01193e-11, 1.9471e-07, -4.41691e-12)
bones/44/position = Vector3(0.520841, 0.780722, -0.0576374)
bones/44/rotation = Quaternion(0.794627, -1.11759e-07, 0.607098, -5.96046e-08)
bones/46/position = Vector3(-0.510844, 0.780722, 0.0597369)
bones/46/rotation = Quaternion(-0.758253, -1.52737e-07, 0.651961, -1.11759e-08)

[node name="Knife_Offhand" parent="Characters/Rogue_Hooded/Rig/Skeleton3D" index="0"]
transform = Transform3D(0.000412089, 0.262816, 0.964845, 0.999878, -0.015125, 0.00369313, 0.0155642, 0.964727, -0.262791, 0.507601, 0.628617, -0.0189067)

[node name="1H_Crossbow" parent="Characters/Rogue_Hooded/Rig/Skeleton3D" index="1"]
transform = Transform3D(0.98787, -0.155278, 0.000823277, -0.000861509, -0.0107802, -0.999941, 0.155278, 0.987811, -0.0107837, -0.489588, 0.737181, 0.0969804)

[node name="2H_Crossbow" parent="Characters/Rogue_Hooded/Rig/Skeleton3D" index="2"]
transform = Transform3D(0.98787, -0.155278, 0.000823277, -0.000861509, -0.0107802, -0.999941, 0.155278, 0.987811, -0.0107837, -0.489588, 0.737181, 0.0969804)

[node name="Knife" parent="Characters/Rogue_Hooded/Rig/Skeleton3D" index="3"]
transform = Transform3D(-0.000823272, -0.155278, 0.98787, 0.999941, -0.0107801, -0.000861487, 0.0107835, 0.987811, 0.155278, -0.491111, 0.632447, 0.106084)

[node name="Throwable" parent="Characters/Rogue_Hooded/Rig/Skeleton3D" index="4"]
transform = Transform3D(-0.000823256, -0.155278, 0.98787, 0.999941, -0.0107801, -0.000861502, 0.0107835, 0.987811, 0.155278, -0.519099, 0.630504, 0.284134)

[node name="Rogue_Cape" parent="Characters/Rogue_Hooded/Rig/Skeleton3D" index="5"]
transform = Transform3D(0.996288, 0.000375382, 0.086079, 0.000131759, 0.999983, -0.00588581, -0.0860798, 0.0058753, 0.996271, 0.000183534, 1.19907, 0.00369205)

[node name="Barbarian" parent="Characters" instance=ExtResource("3_wd3uh")]
transform = Transform3D(0.957637, 0, -0.287979, 0, 1, 0, 0.287979, 0, 0.957637, 0.549507, 0, -0.252919)

[node name="Skeleton3D" parent="Characters/Barbarian/Rig" index="0"]
bones/0/position = Vector3(0, 0.00054945, 0)
bones/0/rotation = Quaternion(-1.06819e-11, -0.000310285, -1.85015e-11, 1)
bones/1/position = Vector3(1.05307e-18, 0.389415, -1.05307e-18)
bones/1/rotation = Quaternion(0.00110891, 0.0426621, 8.86518e-05, 0.999089)
bones/2/rotation = Quaternion(0.00131789, 0.00145746, -0.000139557, 0.999998)
bones/3/rotation = Quaternion(0.00049469, 0.000113668, 6.68642e-05, 1)
bones/4/rotation = Quaternion(-0.557344, -0.0622993, -0.650527, 0.512153)
bones/5/rotation = Quaternion(1.90511e-08, -5.30811e-08, -0.483795, 0.875181)
bones/7/rotation = Quaternion(-0.319025, -0.325678, 0.139932, 0.878963)
bones/8/rotation = Quaternion(0.000901219, 0.000901194, -0.703791, 0.710406)
bones/11/rotation = Quaternion(-0.616178, 0.0821823, 0.623834, 0.47371)
bones/12/rotation = Quaternion(1.99608e-08, 5.97185e-08, 0.507513, 0.861644)
bones/14/rotation = Quaternion(-0.317321, 0.300218, -0.221525, 0.871839)
bones/15/rotation = Quaternion(0.00171739, 0.00202283, 0.705322, 0.708882)
bones/19/rotation = Quaternion(-5.80608e-11, -0.0313417, -1.88012e-09, 0.999509)
bones/22/position = Vector3(0.170945, 0.113587, 0.0011582)
bones/22/rotation = Quaternion(0.993407, 0.0826991, 0.0733554, 0.0303743)
bones/23/rotation = Quaternion(0.232203, 6.4571e-08, -1.61129e-07, 0.972667)
bones/24/rotation = Quaternion(-0.537614, -0.205901, 0.0492072, 0.816183)
bones/25/rotation = Quaternion(-3.04832e-08, 0.920355, -0.391084, 6.94783e-08)
bones/26/position = Vector3(-0.170945, 0.113587, -0.00115817)
bones/26/rotation = Quaternion(0.996639, -0.0297445, 0.0308756, 0.0698019)
bones/27/rotation = Quaternion(0.307407, -6.36403e-08, 2.13644e-07, 0.951578)
bones/28/rotation = Quaternion(-0.570372, 0.113057, -0.0105301, 0.8135)
bones/29/rotation = Quaternion(3.04807e-08, 0.920355, -0.391084, -6.94914e-08)
bones/30/rotation = Quaternion(0.707107, -2.29302e-07, -4.60552e-08, 0.707107)
bones/31/position = Vector3(0.20182, 0.0297528, 0.20974)
bones/31/rotation = Quaternion(-0.710807, -7.01236e-08, -7.09308e-08, 0.703388)
bones/32/rotation = Quaternion(9.54712e-09, 1.75913e-09, 0.986047, -0.166466)
bones/33/rotation = Quaternion(-1.04035e-07, 0.391084, 0.920355, -2.9526e-08)
bones/35/rotation = Quaternion(1, 8.81481e-12, 1.94707e-07, 1.10423e-12)
bones/37/rotation = Quaternion(0.707107, -3.82385e-08, 1.45009e-07, 0.707107)
bones/38/position = Vector3(-0.170945, 0.0272927, 0.237432)
bones/38/rotation = Quaternion(-0.698976, -7.13945e-08, -6.96457e-08, 0.715145)
bones/39/rotation = Quaternion(-5.76853e-09, 6.36406e-10, 0.994929, 0.100582)
bones/40/rotation = Quaternion(-1.04035e-07, 0.391084, 0.920355, -2.95261e-08)
bones/42/rotation = Quaternion(1, 1.01193e-11, 1.9471e-07, -4.41691e-12)
bones/45/position = Vector3(0.520841, 0.780722, -0.0576374)
bones/45/rotation = Quaternion(0.794627, -1.11759e-07, 0.607098, -5.96046e-08)
bones/47/position = Vector3(-0.510844, 0.780722, 0.0597369)
bones/47/rotation = Quaternion(-0.758253, -1.52737e-07, 0.651961, -1.11759e-08)

[node name="1H_Axe_Offhand" parent="Characters/Barbarian/Rig/Skeleton3D" index="0"]
transform = Transform3D(0.000427856, 0.264442, 0.964401, 0.999879, -0.0150719, 0.0036895, 0.0155113, 0.964283, -0.264417, 0.51643, 0.629214, 0.0123627)

[node name="Barbarian_Round_Shield" parent="Characters/Barbarian/Rig/Skeleton3D" index="1"]
transform = Transform3D(0.000427649, 0.264442, 0.964401, 0.999879, -0.0150744, 0.0036904, 0.015514, 0.964283, -0.264416, 0.662456, 0.630035, -0.0445711)

[node name="1H_Axe" parent="Characters/Barbarian/Rig/Skeleton3D" index="2"]
transform = Transform3D(-0.000815741, -0.153613, 0.98813, 0.999941, -0.0107302, -0.000842835, 0.0107328, 0.988072, 0.153613, -0.496001, 0.633185, 0.139829)

[node name="2H_Axe" parent="Characters/Barbarian/Rig/Skeleton3D" index="3"]
transform = Transform3D(-0.000815741, -0.153613, 0.98813, 0.999941, -0.0107302, -0.000842835, 0.0107328, 0.988072, 0.153613, -0.496001, 0.633185, 0.139829)

[node name="Mug" parent="Characters/Barbarian/Rig/Skeleton3D" index="4"]
transform = Transform3D(-0.000815741, -0.153613, 0.98813, 0.999941, -0.0107302, -0.000842835, 0.0107328, 0.988072, 0.153613, -0.488237, 0.333161, 0.0882413)

[node name="Barbarian_Hat" parent="Characters/Barbarian/Rig/Skeleton3D" index="5"]
transform = Transform3D(0.999683, 0.000374566, 0.0251747, -0.00022786, 0.999983, -0.00583013, -0.0251765, 0.00582254, 0.999666, 0.000232892, 1.20017, 0.00365241)

[node name="Barbarian_Cape" parent="Characters/Barbarian/Rig/Skeleton3D" index="6"]
transform = Transform3D(0.996142, 0.000374562, 0.0877581, 0.000137864, 0.999983, -0.00583295, -0.0877588, 0.00582254, 0.996125, 0.000230983, 1.20017, 0.00365257)

[node name="DirectionalLight3D" type="DirectionalLight3D" parent="."]
transform = Transform3D(0.998572, 0.0477985, -0.0238551, -0.0170119, 0.707835, 0.706173, 0.0506395, -0.704759, 0.707637, 0.289022, 8.21207, 0)
shadow_enabled = true

[node name="Floor2" type="StaticBody3D" parent="."]

[node name="Floor" type="MeshInstance3D" parent="Floor2"]
transform = Transform3D(30, 0, 0, 0, 30, 0, 0, 0, 30, 0, 0, 0)
mesh = SubResource("PlaneMesh_o8vr5")
skeleton = NodePath("../..")

[node name="CollisionShape3D" type="CollisionShape3D" parent="Floor2"]
transform = Transform3D(30, 0, 0, 0, -1.31134e-06, 30, 0, -30, -1.31134e-06, 0, 0, 0)
shape = SubResource("BoxShape3D_lknay")

[node name="Portal" parent="." instance=ExtResource("10_wksuf")]
transform = Transform3D(1, 0, 0, 0, 1, 0, 0, 0, 1, 6.21744, 0, 16.0452)

[node name="Hideout" parent="." instance=ExtResource("3_uheyo")]
transform = Transform3D(-1, 0, -8.74228e-08, 0, 1, 0, 8.74228e-08, 0, -1, 0, 0, 0)

[node name="Deaths" type="Label" parent="."]
offset_top = 40.0
offset_right = 237.0
offset_bottom = 101.0
theme_override_fonts/font = ExtResource("6_kd8a7")
theme_override_font_sizes/font_size = 50
text = "Deaths:"

[node name="Score" type="Label" parent="."]
offset_right = 526.0
offset_bottom = 61.0
theme_override_fonts/font = ExtResource("6_kd8a7")
theme_override_font_sizes/font_size = 50
text = "Max Score: 10/10"

[node name="Transition" parent="." instance=ExtResource("5_1qjme")]
position = Vector2(1, 0)

[node name="CharacterLabel" type="Label" parent="."]
anchors_preset = 5
anchor_left = 0.5
anchor_right = 0.5
offset_left = -20.0
offset_right = 20.0
offset_bottom = 23.0
grow_horizontal = 2

[node name="Button" type="Button" parent="."]
anchors_preset = 7
anchor_left = 0.5
anchor_top = 1.0
anchor_right = 0.5
anchor_bottom = 1.0
offset_left = -111.0
offset_top = -79.0
offset_right = 114.0
grow_horizontal = 2
grow_vertical = 0
text = "Select"

[connection signal="pressed" from="Button" to="." method="_on_button_pressed"]

[editable path="Characters/Rogue_Hooded"]
[editable path="Characters/Barbarian"]
