[gd_scene load_steps=25 format=3 uid="uid://cf1j81vu2lruo"]

[ext_resource type="PackedScene" uid="uid://casqreq25pifw" path="res://assets/KayKit_DungeonRemastered_1.0_FREE/Assets/gltf/box_large.gltf.glb" id="1_pm8dn"]
[ext_resource type="PackedScene" uid="uid://0qo5pqlgjtx1" path="res://assets/KayKit_DungeonRemastered_1.0_FREE/Assets/gltf/box_small.gltf.glb" id="2_y6npp"]
[ext_resource type="PackedScene" uid="uid://bpadbu3mlppok" path="res://assets/KayKit_DungeonRemastered_1.0_FREE/Assets/gltf/box_small_decorated.gltf.glb" id="3_552y3"]
[ext_resource type="PackedScene" uid="uid://b0s1pm13gntfy" path="res://assets/KayKit_DungeonRemastered_1.0_FREE/Assets/gltf/box_stacked.gltf.glb" id="4_yoyub"]
[ext_resource type="PackedScene" uid="uid://brjuqiht77plh" path="res://assets/KayKit_DungeonRemastered_1.0_FREE/Assets/gltf/chest.glb" id="5_wppmh"]
[ext_resource type="PackedScene" uid="uid://d2buip5jlkbok" path="res://assets/KayKit_DungeonRemastered_1.0_FREE/Assets/gltf/coin.gltf.glb" id="6_kvydw"]
[ext_resource type="PackedScene" uid="uid://b0a83hrm81gfq" path="res://assets/KayKit_DungeonRemastered_1.0_FREE/Assets/gltf/trunk_large_B.gltf.glb" id="7_1b1e3"]
[ext_resource type="PackedScene" uid="uid://dp584c61xh6q4" path="res://assets/KayKit_DungeonRemastered_1.0_FREE/Assets/gltf/trunk_large_A.gltf.glb" id="8_220xj"]
[ext_resource type="PackedScene" uid="uid://dwbaq4uhjquy5" path="res://assets/KayKit_DungeonRemastered_1.0_FREE/Assets/gltf/bottle_A_green.gltf.glb" id="9_ugpmn"]
[ext_resource type="PackedScene" uid="uid://j24ungbtfvlc" path="res://assets/KayKit_DungeonRemastered_1.0_FREE/Assets/gltf/bottle_A_labeled_brown.gltf.glb" id="10_qjudc"]
[ext_resource type="PackedScene" uid="uid://bdp6tutkxnjpy" path="res://assets/KayKit_DungeonRemastered_1.0_FREE/Assets/gltf/bottle_C_brown.gltf.glb" id="11_5i187"]
[ext_resource type="PackedScene" uid="uid://cbuhnr0vvr062" path="res://assets/KayKit_DungeonRemastered_1.0_FREE/Assets/gltf/chair.gltf.glb" id="12_kprxy"]
[ext_resource type="PackedScene" uid="uid://cbvkgdxcy2odg" path="res://assets/KayKit_DungeonRemastered_1.0_FREE/Assets/gltf/stool.gltf.glb" id="13_6oeq5"]
[ext_resource type="PackedScene" uid="uid://cnoqyh6t6jkvf" path="res://assets/KayKit_DungeonRemastered_1.0_FREE/Assets/gltf/table_long_decorated_A.gltf.glb" id="14_57frt"]
[ext_resource type="PackedScene" uid="uid://b1dnt7amvfebe" path="res://assets/KayKit_DungeonRemastered_1.0_FREE/Assets/gltf/table_medium_tablecloth_decorated_B.gltf.glb" id="15_wcoqk"]
[ext_resource type="PackedScene" uid="uid://b2ggx6v8a0fah" path="res://assets/KayKit_DungeonRemastered_1.0_FREE/Assets/gltf/keg_decorated.gltf.glb" id="16_7w2ws"]
[ext_resource type="PackedScene" uid="uid://bhqof1t0bm717" path="res://assets/KayKit_DungeonRemastered_1.0_FREE/Assets/gltf/bed_floor.gltf.glb" id="17_1ga4i"]
[ext_resource type="PackedScene" uid="uid://chnbfpgsef1t4" path="res://assets/KayKit_DungeonRemastered_1.0_FREE/Assets/gltf/plate_food_A.gltf.glb" id="18_upift"]
[ext_resource type="PackedScene" uid="uid://v0g3wjjembau" path="res://assets/KayKit_DungeonRemastered_1.0_FREE/Assets/gltf/plate_food_B.gltf.glb" id="19_uvevu"]
[ext_resource type="PackedScene" uid="uid://cti6h2pnckd5n" path="res://assets/KayKit_DungeonRemastered_1.0_FREE/Assets/gltf/table_small_decorated_A.gltf.glb" id="20_h7ewy"]
[ext_resource type="PackedScene" uid="uid://bx1h7nu55x7g2" path="res://assets/KayKit_DungeonRemastered_1.0_FREE/Assets/gltf/rubble_half.gltf.glb" id="21_uxvxc"]
[ext_resource type="PackedScene" uid="uid://dguci4kg4lvkn" path="res://assets/KayKit_DungeonRemastered_1.0_FREE/Assets/gltf/rubble_large.gltf.glb" id="22_tnknw"]
[ext_resource type="MeshLibrary" uid="uid://b5n23ue5nwjwg" path="res://assets/TileMaps/tiles_dungeon_remastered.tres" id="23_0ypf0"]
[ext_resource type="MeshLibrary" uid="uid://gomynnst5h3f" path="res://assets/TileMaps/tiles_medieval.tres" id="24_ruqcp"]

[node name="Hideout" type="Node3D"]

[node name="Boxes" type="Node3D" parent="."]

[node name="box_large_gltf" parent="Boxes" instance=ExtResource("1_pm8dn")]
transform = Transform3D(0.996254, 0, -0.0864776, 0, 1, 0, 0.0864776, 0, 0.996254, 5.69263, 0, 4.089)

[node name="box_small_gltf" parent="Boxes" instance=ExtResource("2_y6npp")]
transform = Transform3D(0.996254, 0, -0.0864776, 0, 1, 0, 0.0864776, 0, 0.996254, 2.54489, 0, 3.21316)

[node name="box_small_decorated_gltf" parent="Boxes" instance=ExtResource("3_552y3")]
transform = Transform3D(-0.703035, 0, -0.711155, 0, 1, 0, 0.711155, 0, -0.703035, 5.59938, 0, 1.35822)

[node name="box_stacked_gltf" parent="Boxes" instance=ExtResource("4_yoyub")]
transform = Transform3D(0.996254, 0, -0.0864776, 0, 1, 0, 0.0864776, 0, 0.996254, 3.44383, -4.76837e-07, 5.27008)

[node name="box_large_gltf2" parent="Boxes" instance=ExtResource("1_pm8dn")]
transform = Transform3D(0.550743, 0, -0.834675, 0, 1, 0, 0.834675, 0, 0.550743, 7.0809, 0, 2.57885)

[node name="box_small_gltf2" parent="Boxes" instance=ExtResource("2_y6npp")]
transform = Transform3D(0.996254, 0, -0.0864776, 0, 1, 0, 0.0864776, 0, 0.996254, 1.19842, 0, 4.82846)

[node name="box_small_decorated_gltf2" parent="Boxes" instance=ExtResource("3_552y3")]
transform = Transform3D(-0.980778, 0, 0.195125, 0, 1, 0, -0.195125, 0, -0.980778, 4.16963, 0, 0.639243)

[node name="box_stacked_gltf2" parent="Boxes" instance=ExtResource("4_yoyub")]
transform = Transform3D(-0.961377, 0, -0.275235, 0, 1, 0, 0.275235, 0, -0.961377, 7.67836, -4.76837e-07, 0.318132)

[node name="box_small_decorated_gltf3" parent="Boxes" instance=ExtResource("3_552y3")]
transform = Transform3D(-0.335221, 0, 0.942139, 0, 1, 0, -0.942139, 0, -0.335221, 4.15011, 0, 2.4081)

[node name="chest" parent="Boxes" instance=ExtResource("5_wppmh")]
transform = Transform3D(-1.04864, 0, -0.583401, 0, 1.2, 0, 0.583401, 0, -1.04864, 5.01702, 0, -1.41214)

[node name="coin_gltf" parent="Boxes" instance=ExtResource("6_kvydw")]
transform = Transform3D(0.996254, 0, -0.0864776, 0, 1, 0, 0.0864776, 0, 0.996254, 3.11804, 0, 0.356994)

[node name="trunk_large_B_gltf" parent="Boxes" instance=ExtResource("7_1b1e3")]
transform = Transform3D(0.923358, 0, 0.383941, 0, 1, 0, -0.383941, 0, 0.923358, 0.958082, 0, 2.86981)

[node name="trunk_large_A_gltf" parent="Boxes" instance=ExtResource("8_220xj")]
transform = Transform3D(0.996254, 0, -0.0864776, 0, 1, 0, 0.0864776, 0, 0.996254, 2.24882, 0, 1.46911)

[node name="bottle_A_green_gltf" parent="Boxes" instance=ExtResource("9_ugpmn")]
transform = Transform3D(-0.762894, 0, 0.646523, 0, 1, 0, -0.646523, 0, -0.762894, 2.03999, 0, -0.316759)

[node name="bottle_A_labeled_brown_gltf" parent="Boxes" instance=ExtResource("10_qjudc")]
transform = Transform3D(-0.762894, 0, 0.646523, 0, 1, 0, -0.646523, 0, -0.762894, 2.7251, 0, -0.126734)

[node name="bottle_C_brown_gltf" parent="Boxes" instance=ExtResource("11_5i187")]
transform = Transform3D(-0.762894, 0, 0.646523, 0, 1, 0, -0.646523, 0, -0.762894, 2.19761, 0, 0.415312)

[node name="Food" type="Node3D" parent="."]

[node name="chair_gltf" parent="Food" instance=ExtResource("12_kprxy")]
transform = Transform3D(0.958467, 0, -0.285203, 0, 1, 0, 0.285203, 0, 0.958467, -2.85596, 0, -0.0577674)

[node name="stool_gltf" parent="Food" instance=ExtResource("13_6oeq5")]
transform = Transform3D(0.311904, 0, -0.950114, 0, 1, 0, 0.950114, 0, 0.311904, -4.10766, 4.76837e-07, -1.07847)

[node name="table_long_decorated_A_gltf" parent="Food" instance=ExtResource("14_57frt")]
transform = Transform3D(0.795632, 0, 0.60578, 0, 1, 0, -0.60578, 0, 0.795632, -4.94767, 0, 0.680516)

[node name="table_medium_tablecloth_decorated_B_gltf" parent="Food" instance=ExtResource("15_wcoqk")]
transform = Transform3D(0.311904, 0, -0.950114, 0, 1, 0, 0.950114, 0, 0.311904, -7.636, 0, -1.91213)

[node name="keg_decorated_gltf" parent="Food" instance=ExtResource("16_7w2ws")]
transform = Transform3D(0.121783, 0, 0.992557, 0, 1, 0, -0.992557, 0, 0.121783, -9.84829, 0, -3.12116)

[node name="Bed1" type="Node3D" parent="."]

[node name="bed_floor_gltf" parent="Bed1" instance=ExtResource("17_1ga4i")]
transform = Transform3D(-0.832892, 0, 0.553435, 0, 1, 0, -0.553435, 0, -0.832892, -1.14508, 4.76837e-07, 2.5779)

[node name="plate_food_A_gltf" parent="Bed1" instance=ExtResource("18_upift")]
transform = Transform3D(-0.322547, 0, -0.946554, 0, 1, 0, 0.946554, 0, -0.322547, -2.65889, 0, 2.25484)

[node name="plate_food_B_gltf" parent="Bed1" instance=ExtResource("19_uvevu")]
transform = Transform3D(-0.322547, 0, -0.946554, 0, 1, 0, 0.946554, 0, -0.322547, -3.19125, 0, 3.24484)

[node name="Bed2" type="Node3D" parent="."]

[node name="bed_floor_gltf2" parent="Bed2" instance=ExtResource("17_1ga4i")]
transform = Transform3D(-0.591901, 0, -0.806011, 0, 1, 0, 0.806011, 0, -0.591901, 6.4852, 0, -2.97518)

[node name="table_small_decorated_A_gltf" parent="Bed2" instance=ExtResource("20_h7ewy")]
transform = Transform3D(1, 0, 0, 0, 1, 0, 0, 0, 1, 8.36943, 0, -3.82223)

[node name="rubble_half_gltf2" parent="." instance=ExtResource("21_uxvxc")]
transform = Transform3D(-0.9681, 0, 0.250566, 0, 1, 0, -0.250566, 0, -0.9681, 8.59552, 0, 6.66199)

[node name="rubble_large_gltf" parent="." instance=ExtResource("22_tnknw")]
transform = Transform3D(-0.542778, 0, -0.839876, 0, 1, 0, 0.839876, 0, -0.542778, 9.30212, 0, 5.18168)

[node name="rubble_half_gltf" parent="." instance=ExtResource("21_uxvxc")]
transform = Transform3D(-0.719158, 0, 0.694847, 0, 1, 0, -0.694847, 0, -0.719158, 11.4978, 0, -4.10769)

[node name="rubble_large_gltf2" parent="." instance=ExtResource("22_tnknw")]
transform = Transform3D(0.149345, 0, -0.988785, 0, 1, 0, 0.988785, 0, 0.149345, 11.5031, 0, -0.444994)

[node name="rubble_half_gltf3" parent="." instance=ExtResource("21_uxvxc")]
transform = Transform3D(0.15802, 0, 0.987436, 0, 1, 0, -0.987436, 0, 0.15802, -5.10199, 0, 6.53844)

[node name="rubble_large_gltf3" parent="." instance=ExtResource("22_tnknw")]
transform = Transform3D(-0.887382, 0, 0.461036, 0, 1, 0, -0.461036, 0, -0.887382, -2.18675, 0, 6.155)

[node name="rubble_half_gltf4" parent="." instance=ExtResource("21_uxvxc")]
transform = Transform3D(0.623825, 0, 0.781565, 0, 1, 0, -0.781565, 0, 0.623825, 5.89361, 0, 8.41067)

[node name="rubble_large_gltf4" parent="." instance=ExtResource("22_tnknw")]
transform = Transform3D(-0.970262, 0, -0.242058, 0, 1, 0, 0.242058, 0, -0.970262, 2.24783, 0, 8.76181)

[node name="rubble_large_gltf5" parent="." instance=ExtResource("22_tnknw")]
transform = Transform3D(-0.594613, 0, 0.804013, 0, 1, 0, -0.804013, 0, -0.594613, -8.03637, 0, 1.68508)

[node name="rubble_large_gltf6" parent="." instance=ExtResource("22_tnknw")]
transform = Transform3D(-0.977955, 0, 0.208816, 0, 1, 0, -0.208816, 0, -0.977955, -5.19783, 0, 5.97519)

[node name="GridMap" type="GridMap" parent="."]
mesh_library = ExtResource("23_0ypf0")
cell_size = Vector3(0.5, 0.001, 0.5)
data = {
"cells": PackedInt32Array(16, 65525, 104, 16, 65526, 104, 16, 65527, 104, 17, 65527, 104, 17, 65528, 104, 18, 65528, 104, 18, 65529, 104, 18, 65530, 104, 18, 65531, 104, 19, 65531, 104, 19, 65532, 104, 19, 65533, 104, 19, 65534, 104, 19, 65535, 104, 19, 0, 104, 19, 1, 104, 19, 2, 104, 19, 3, 104, 19, 4, 104, 18, 4, 104, 18, 5, 104, 17, 5, 104, 17, 6, 104, 16, 6, 104, 16, 7, 104, 16, 8, 104, 15, 8, 104, 15, 9, 104, 14, 9, 104, 13, 9, 104, 13, 10, 104, 12, 10, 104, 11, 10, 104, 10, 11, 104, 9, 11, 104, 9, 12, 104, 8, 12, 104, 8, 13, 104, 7, 13, 104, 7, 14, 104, 8, 14, 104, 6, 14, 104, 5, 14, 104, 4, 14, 104, 3, 14, 104, 2, 14, 104, 2, 13, 104, 1, 13, 104, 0, 13, 104, 0, 12, 104, 65535, 12, 104, 65534, 12, 104, 65534, 11, 104, 65533, 11, 104, 65532, 11, 104, 65532, 10, 104, 65531, 10, 104, 65531, 9, 104, 65530, 9, 104, 65529, 9, 104, 65528, 8, 104, 65527, 8, 104, 65527, 7, 104, 65526, 7, 104, 65525, 7, 104, 65525, 6, 104, 65524, 6, 104, 65524, 5, 104, 65523, 5, 104, 65523, 4, 104, 65523, 3, 104, 65522, 3, 104, 65522, 2, 104, 65521, 2, 104, 65521, 1, 104, 65521, 0, 104, 65520, 0, 104, 65519, 0, 104, 65519, 65535, 104, 65519, 65534, 104, 65518, 65534, 104, 65518, 65533, 104, 65518, 65532, 104, 65517, 65532, 104, 65516, 65532, 104, 65516, 65531, 104, 65516, 65530, 104, 65516, 65529, 104, 65517, 65529, 104, 65518, 65529, 104, 65518, 65530, 104, 65519, 65530, 104, 65519, 65531, 104, 65519, 65532, 104, 65520, 65532, 104, 65521, 65532, 104, 65521, 65533, 104, 65521, 65534, 104, 65522, 65534, 104, 65522, 65535, 104, 65523, 65535, 104, 65524, 65535, 104, 65524, 0, 104, 65525, 0, 104, 65525, 1, 104, 65526, 1, 104, 65526, 2, 104, 65527, 2, 104, 65527, 3, 104, 65528, 3, 104, 65528, 4, 104, 65529, 5, 104, 65530, 5, 104, 65530, 6, 104, 65531, 6, 104, 65531, 7, 104, 65532, 7, 104, 65533, 7, 104, 65533, 8, 104, 65534, 8, 104, 65535, 8, 104, 0, 8, 104, 1, 8, 104, 1, 9, 104, 2, 9, 104, 3, 9, 104, 4, 9, 104, 5, 9, 104, 6, 9, 104, 7, 9, 104, 8, 9, 104, 9, 9, 104, 10, 8, 104, 11, 8, 104, 11, 7, 104, 12, 7, 104, 12, 6, 104, 12, 5, 104, 13, 5, 104, 13, 4, 104, 13, 3, 104, 14, 3, 104, 14, 2, 104, 14, 1, 104, 15, 1, 104, 15, 0, 104, 15, 65535, 104, 15, 65534, 104, 15, 65533, 104, 15, 65532, 104, 15, 65531, 104, 14, 65530, 104, 14, 65529, 104, 13, 65529, 104, 13, 65530, 104, 12, 65530, 104, 12, 65531, 104, 11, 65531, 104, 11, 65532, 104, 11, 65533, 104, 11, 65534, 104, 10, 65534, 104, 10, 65535, 104, 10, 0, 104, 9, 0, 104, 9, 1, 104, 9, 2, 104, 8, 2, 104, 8, 3, 104, 7, 3, 104, 7, 4, 104, 6, 5, 104, 5, 5, 104, 4, 5, 104, 4, 6, 104, 3, 6, 104, 2, 6, 104, 1, 6, 104, 1, 5, 104, 0, 5, 104, 65535, 4, 104, 65534, 4, 104, 65534, 3, 104, 65533, 3, 104, 65533, 2, 104, 65532, 2, 104, 65532, 1, 104, 65531, 1, 104, 65531, 0, 104, 65530, 0, 104, 65530, 65535, 104, 65529, 65535, 104, 65528, 65535, 104, 65528, 65534, 104, 65527, 65534, 104, 65526, 65534, 104, 65526, 65533, 104, 65525, 65533, 104, 65525, 65532, 104, 65524, 65532, 104, 65524, 65531, 104, 65523, 65531, 104, 65523, 65530, 104, 65522, 65529, 104, 65523, 65529, 104, 65524, 65529, 104, 65525, 65529, 104, 65525, 65530, 104, 65526, 65530, 84, 65526, 65531, 104, 65527, 65531, 104, 65527, 65532, 104, 65528, 65532, 104, 65529, 65532, 104, 65529, 65533, 104, 65530, 65533, 104, 65531, 65533, 104, 65531, 65534, 104, 65532, 65534, 104, 65533, 65534, 104, 65534, 65534, 104, 65534, 65535, 104, 65535, 65535, 104, 0, 65535, 104, 0, 0, 104, 1, 0, 104, 2, 0, 104, 3, 0, 104, 4, 0, 104, 4, 65535, 104, 5, 65535, 104, 5, 65534, 104, 6, 65533, 104, 6, 65532, 104, 7, 65532, 104, 7, 65531, 104, 7, 65530, 104, 7, 65529, 104, 8, 65529, 104, 8, 65528, 104, 9, 65528, 104, 9, 65527, 104, 10, 65527, 104, 11, 65527, 104, 11, 65526, 104, 12, 65526, 104, 12, 65525, 104, 11, 65525, 104, 10, 65526, 104, 9, 65526, 104, 8, 65527, 104, 7, 65528, 104, 6, 65529, 104, 6, 65530, 104, 5, 65530, 104, 5, 65531, 104, 4, 65531, 104, 3, 65531, 104, 2, 65531, 104, 1, 65531, 104, 0, 65531, 104, 65535, 65531, 104, 65534, 65531, 104, 65534, 65530, 104, 65533, 65530, 104, 65532, 65530, 104, 65531, 65530, 104, 65531, 65529, 104, 65530, 65529, 104, 65529, 65528, 104, 65529, 65527, 104, 65529, 65526, 104, 65530, 65526, 104, 65531, 65526, 104, 65532, 65526, 104, 65533, 65526, 104, 65534, 65526, 104, 65535, 65526, 104, 0, 65526, 104, 0, 65527, 104, 1, 65527, 104, 2, 65527, 104, 3, 65527, 104, 4, 65526, 104, 5, 65525, 104, 5, 65524, 104, 5, 65523, 104, 6, 65523, 104, 7, 65523, 104, 8, 65523, 104, 8, 65524, 104, 9, 65524, 104, 10, 65524, 104, 11, 65524, 104, 12, 65524, 104, 13, 65524, 104, 13, 65523, 104, 14, 65523, 104, 14, 65524, 104, 15, 65524, 104, 16, 65524, 104, 16, 65523, 104, 16, 65522, 104, 15, 65522, 104, 15, 65521, 104, 14, 65521, 104, 13, 65521, 104, 12, 65521, 104, 11, 65521, 104, 10, 65521, 104, 9, 65521, 109, 8, 65521, 104, 7, 65521, 104, 6, 65521, 104, 5, 65521, 104, 4, 65521, 104, 3, 65521, 104, 2, 65521, 104, 1, 65521, 104, 0, 65521, 104, 0, 65522, 104, 65535, 65522, 104, 65534, 65522, 104, 65533, 65522, 104, 65532, 65522, 104, 65531, 65522, 104, 65530, 65522, 104, 65529, 65522, 104, 65528, 65522, 104, 65528, 65523, 104, 65527, 65523, 104, 65526, 65523, 104, 65526, 65524, 104, 65525, 65524, 104, 65524, 65524, 104, 65524, 65525, 104, 65523, 65525, 104, 65523, 65526, 104, 65522, 65526, 104, 65522, 65527, 104, 65521, 65527, 104, 65521, 65528, 104, 65520, 65528, 104, 65519, 65529, 104, 65517, 65528, 104, 65517, 65527, 104, 65517, 65526, 104, 65518, 65526, 104, 65518, 65525, 104, 65519, 65525, 104, 65519, 65524, 104, 65520, 65524, 104, 65520, 65523, 104, 65521, 65523, 109, 65521, 65522, 104, 65522, 65522, 104, 65523, 65522, 104, 65523, 65521, 104, 65524, 65521, 104, 65525, 65521, 104, 65526, 65521, 104, 65526, 65520, 104, 65527, 65520, 104, 65528, 65520, 104, 65529, 65520, 104, 65530, 65520, 104, 65531, 65520, 104, 65532, 65519, 104, 65533, 65519, 104, 65534, 65519, 104, 65535, 65519, 104, 0, 65519, 104, 1, 65519, 1441875, 2, 65519, 104, 3, 65519, 104, 4, 65519, 104, 5, 65519, 104, 6, 65519, 104, 7, 65519, 104, 8, 65519, 104, 8, 65520, 104, 9, 65520, 104, 10, 65520, 104, 11, 65520, 104, 12, 65522, 104, 13, 65522, 104, 14, 65522, 104, 15, 65523, 104, 17, 65524, 104, 18, 65524, 104, 18, 65525, 104, 19, 65525, 104, 19, 65526, 104, 19, 65527, 104, 19, 65528, 104, 19, 65529, 104, 19, 65530, 104, 18, 65527, 104, 18, 65526, 104, 17, 65525, 104, 17, 65523, 104, 17, 65522, 104, 17, 65521, 104, 16, 65521, 104, 16, 65520, 104, 16, 65519, 655469, 15, 65519, 104, 15, 65518, 104, 14, 65518, 104, 14, 65517, 104, 13, 65517, 104, 12, 65517, 655444, 11, 65517, 104, 11, 65516, 104, 10, 65516, 104, 9, 65516, 104, 9, 65515, 104, 8, 65515, 104, 7, 65515, 104, 6, 65514, 104, 5, 65514, 104, 4, 65514, 104, 3, 65514, 104, 2, 65514, 104, 1, 65514, 104, 0, 65514, 104, 65535, 65514, 104, 65534, 65514, 104, 65533, 65514, 104, 65532, 65514, 104, 65531, 65514, 104, 65530, 65514, 104, 65529, 65514, 104, 65528, 65514, 104, 65528, 65515, 104, 65527, 65515, 104, 65526, 65515, 104, 65526, 65516, 104, 65525, 65516, 104, 65524, 65516, 104, 65524, 65517, 104, 65523, 65517, 104, 65523, 65518, 104, 65523, 65519, 104, 65522, 65519, 104, 65522, 65520, 104, 65521, 65520, 104, 65521, 65521, 104, 65520, 65521, 104, 65520, 65522, 104, 65519, 65522, 104, 65519, 65523, 104, 65522, 65521, 104, 65523, 65520, 104, 65524, 65519, 104, 65525, 65519, 84, 65525, 65518, 104, 65526, 65518, 103, 65527, 65518, 104, 65528, 65518, 104, 65528, 65517, 104, 65529, 65517, 104, 65530, 65517, 104, 65531, 65517, 104, 65532, 65517, 104, 65532, 65516, 104, 65533, 65516, 104, 65534, 65516, 104, 65535, 65516, 104, 0, 65516, 104, 1, 65516, 104, 2, 65516, 104, 3, 65516, 104, 3, 65517, 104, 4, 65517, 104, 4, 65518, 104, 4, 65520, 655444, 3, 65522, 104, 2, 65522, 104, 1, 65522, 104, 1, 65523, 104, 0, 65523, 104, 65535, 65523, 88, 65534, 65523, 104, 65533, 65523, 104, 65533, 65524, 104, 65532, 65524, 104, 65531, 65524, 104, 65530, 65524, 104, 65529, 65524, 104, 65529, 65525, 104, 65528, 65525, 104, 65528, 65526, 104, 65527, 65526, 109, 65527, 65527, 104, 65531, 65523, 104, 65532, 65523, 104, 65535, 65521, 104, 0, 65520, 104, 1, 65520, 104, 2, 65520, 104, 3, 65518, 104, 3, 65515, 104, 2, 65515, 104, 1, 65513, 104, 0, 65513, 104, 65535, 65513, 104, 65534, 65513, 104, 65533, 65513, 104, 65531, 65513, 104, 65532, 65513, 104, 65533, 65515, 104, 65534, 65515, 104, 65535, 65515, 104, 0, 65515, 88, 1, 65515, 104, 3, 65513, 104, 3, 65512, 104, 4, 65513, 104, 5, 65513, 104, 2, 65513, 104, 1, 65512, 104, 1, 65511, 104, 6, 65513, 104, 7, 65513, 104, 8, 65513, 104, 8, 65514, 104, 9, 65514, 104, 10, 65515, 655469, 11, 65515, 104, 12, 65516, 104, 6, 65515, 104, 5, 65512, 104, 6, 65512, 104, 4, 65512, 88, 4, 65511, 104, 2, 65512, 104, 2, 65511, 104, 3, 65511, 109, 2, 65529, 109, 65531, 65515, 109, 0, 65518, 102, 3, 65520, 102, 65535, 65524, 88, 65531, 65518, 84, 65525, 65520, 84, 12, 65523, 82, 65521, 65525, 1441874, 7, 65526, 1441875, 4, 65515, 1441873, 65529, 65529, 1441873, 0, 65524, 655441, 65527, 65519, 655441, 1, 65535, 655462, 4, 65524, 655463)
}

[node name="GridMap2" type="GridMap" parent="."]
mesh_library = ExtResource("24_ruqcp")
cell_size = Vector3(0.5, 0.25, 0.5)
