[gd_scene load_steps=23 format=3 uid="uid://dh7eqkenjyvhp"]

[ext_resource type="PackedScene" uid="uid://bhqof1t0bm717" path="res://assets/KayKit_DungeonRemastered_1.0_FREE/Assets/gltf/bed_floor.gltf.glb" id="4_qix14"]
[ext_resource type="PackedScene" uid="uid://dwbaq4uhjquy5" path="res://assets/KayKit_DungeonRemastered_1.0_FREE/Assets/gltf/bottle_A_green.gltf.glb" id="5_1p201"]
[ext_resource type="PackedScene" uid="uid://j24ungbtfvlc" path="res://assets/KayKit_DungeonRemastered_1.0_FREE/Assets/gltf/bottle_A_labeled_brown.gltf.glb" id="6_bw0ek"]
[ext_resource type="PackedScene" uid="uid://bdp6tutkxnjpy" path="res://assets/KayKit_DungeonRemastered_1.0_FREE/Assets/gltf/bottle_C_brown.gltf.glb" id="7_ge4rr"]
[ext_resource type="PackedScene" uid="uid://casqreq25pifw" path="res://assets/KayKit_DungeonRemastered_1.0_FREE/Assets/gltf/box_large.gltf.glb" id="8_r77bm"]
[ext_resource type="PackedScene" uid="uid://0qo5pqlgjtx1" path="res://assets/KayKit_DungeonRemastered_1.0_FREE/Assets/gltf/box_small.gltf.glb" id="9_suiex"]
[ext_resource type="PackedScene" uid="uid://bpadbu3mlppok" path="res://assets/KayKit_DungeonRemastered_1.0_FREE/Assets/gltf/box_small_decorated.gltf.glb" id="10_kxfqy"]
[ext_resource type="PackedScene" uid="uid://b0s1pm13gntfy" path="res://assets/KayKit_DungeonRemastered_1.0_FREE/Assets/gltf/box_stacked.gltf.glb" id="11_gj15b"]
[ext_resource type="PackedScene" uid="uid://cbuhnr0vvr062" path="res://assets/KayKit_DungeonRemastered_1.0_FREE/Assets/gltf/chair.gltf.glb" id="16_bkh8d"]
[ext_resource type="PackedScene" uid="uid://brjuqiht77plh" path="res://assets/KayKit_DungeonRemastered_1.0_FREE/Assets/gltf/chest.glb" id="17_7j42t"]
[ext_resource type="PackedScene" uid="uid://d2buip5jlkbok" path="res://assets/KayKit_DungeonRemastered_1.0_FREE/Assets/gltf/coin.gltf.glb" id="19_tql3k"]
[ext_resource type="PackedScene" uid="uid://b2ggx6v8a0fah" path="res://assets/KayKit_DungeonRemastered_1.0_FREE/Assets/gltf/keg_decorated.gltf.glb" id="30_feps7"]
[ext_resource type="PackedScene" uid="uid://chnbfpgsef1t4" path="res://assets/KayKit_DungeonRemastered_1.0_FREE/Assets/gltf/plate_food_A.gltf.glb" id="33_afpv2"]
[ext_resource type="PackedScene" uid="uid://v0g3wjjembau" path="res://assets/KayKit_DungeonRemastered_1.0_FREE/Assets/gltf/plate_food_B.gltf.glb" id="34_easjq"]
[ext_resource type="PackedScene" uid="uid://dguci4kg4lvkn" path="res://assets/KayKit_DungeonRemastered_1.0_FREE/Assets/gltf/rubble_large.gltf.glb" id="35_qthep"]
[ext_resource type="PackedScene" uid="uid://bx1h7nu55x7g2" path="res://assets/KayKit_DungeonRemastered_1.0_FREE/Assets/gltf/rubble_half.gltf.glb" id="36_ushfv"]
[ext_resource type="PackedScene" uid="uid://cbvkgdxcy2odg" path="res://assets/KayKit_DungeonRemastered_1.0_FREE/Assets/gltf/stool.gltf.glb" id="40_oadnc"]
[ext_resource type="PackedScene" uid="uid://cnoqyh6t6jkvf" path="res://assets/KayKit_DungeonRemastered_1.0_FREE/Assets/gltf/table_long_decorated_A.gltf.glb" id="42_ybcda"]
[ext_resource type="PackedScene" uid="uid://b1dnt7amvfebe" path="res://assets/KayKit_DungeonRemastered_1.0_FREE/Assets/gltf/table_medium_tablecloth_decorated_B.gltf.glb" id="43_6ycrb"]
[ext_resource type="PackedScene" uid="uid://cti6h2pnckd5n" path="res://assets/KayKit_DungeonRemastered_1.0_FREE/Assets/gltf/table_small_decorated_A.gltf.glb" id="44_shijx"]
[ext_resource type="PackedScene" uid="uid://b0a83hrm81gfq" path="res://assets/KayKit_DungeonRemastered_1.0_FREE/Assets/gltf/trunk_large_B.gltf.glb" id="46_okv17"]
[ext_resource type="PackedScene" uid="uid://dp584c61xh6q4" path="res://assets/KayKit_DungeonRemastered_1.0_FREE/Assets/gltf/trunk_large_A.gltf.glb" id="47_yc8c1"]

[node name="Hideout" type="Node3D"]

[node name="Boxes" type="Node3D" parent="."]

[node name="box_large_gltf" parent="Boxes" instance=ExtResource("8_r77bm")]
transform = Transform3D(0.996254, 0, -0.0864776, 0, 1, 0, 0.0864776, 0, 0.996254, 5.69263, 0, 4.089)

[node name="box_small_gltf" parent="Boxes" instance=ExtResource("9_suiex")]
transform = Transform3D(0.996254, 0, -0.0864776, 0, 1, 0, 0.0864776, 0, 0.996254, 2.54489, 0, 3.21316)

[node name="box_small_decorated_gltf" parent="Boxes" instance=ExtResource("10_kxfqy")]
transform = Transform3D(-0.703035, 0, -0.711155, 0, 1, 0, 0.711155, 0, -0.703035, 5.59938, 0, 1.35822)

[node name="box_stacked_gltf" parent="Boxes" instance=ExtResource("11_gj15b")]
transform = Transform3D(0.996254, 0, -0.0864776, 0, 1, 0, 0.0864776, 0, 0.996254, 3.44383, -4.76837e-07, 5.27008)

[node name="box_large_gltf2" parent="Boxes" instance=ExtResource("8_r77bm")]
transform = Transform3D(0.550743, 0, -0.834675, 0, 1, 0, 0.834675, 0, 0.550743, 7.0809, 0, 2.57885)

[node name="box_small_gltf2" parent="Boxes" instance=ExtResource("9_suiex")]
transform = Transform3D(0.996254, 0, -0.0864776, 0, 1, 0, 0.0864776, 0, 0.996254, 1.19842, 0, 4.82846)

[node name="box_small_decorated_gltf2" parent="Boxes" instance=ExtResource("10_kxfqy")]
transform = Transform3D(-0.980778, 0, 0.195125, 0, 1, 0, -0.195125, 0, -0.980778, 4.16963, 0, 0.639243)

[node name="box_stacked_gltf2" parent="Boxes" instance=ExtResource("11_gj15b")]
transform = Transform3D(-0.961377, 0, -0.275235, 0, 1, 0, 0.275235, 0, -0.961377, 7.67836, -4.76837e-07, 0.318132)

[node name="box_small_decorated_gltf3" parent="Boxes" instance=ExtResource("10_kxfqy")]
transform = Transform3D(-0.335221, 0, 0.942139, 0, 1, 0, -0.942139, 0, -0.335221, 4.15011, 0, 2.4081)

[node name="chest" parent="Boxes" instance=ExtResource("17_7j42t")]
transform = Transform3D(-1.04864, 0, -0.583401, 0, 1.2, 0, 0.583401, 0, -1.04864, 5.01702, 0, -1.41214)

[node name="coin_gltf" parent="Boxes" instance=ExtResource("19_tql3k")]
transform = Transform3D(0.996254, 0, -0.0864776, 0, 1, 0, 0.0864776, 0, 0.996254, 3.11804, 0, 0.356994)

[node name="trunk_large_B_gltf" parent="Boxes" instance=ExtResource("46_okv17")]
transform = Transform3D(0.923358, 0, 0.383941, 0, 1, 0, -0.383941, 0, 0.923358, 0.958082, 0, 2.86981)

[node name="trunk_large_A_gltf" parent="Boxes" instance=ExtResource("47_yc8c1")]
transform = Transform3D(0.996254, 0, -0.0864776, 0, 1, 0, 0.0864776, 0, 0.996254, 2.24882, 0, 1.46911)

[node name="bottle_A_green_gltf" parent="Boxes" instance=ExtResource("5_1p201")]
transform = Transform3D(-0.762894, 0, 0.646523, 0, 1, 0, -0.646523, 0, -0.762894, 2.03999, 0, -0.316759)

[node name="bottle_A_labeled_brown_gltf" parent="Boxes" instance=ExtResource("6_bw0ek")]
transform = Transform3D(-0.762894, 0, 0.646523, 0, 1, 0, -0.646523, 0, -0.762894, 2.7251, 0, -0.126734)

[node name="bottle_C_brown_gltf" parent="Boxes" instance=ExtResource("7_ge4rr")]
transform = Transform3D(-0.762894, 0, 0.646523, 0, 1, 0, -0.646523, 0, -0.762894, 2.19761, 0, 0.415312)

[node name="Food" type="Node3D" parent="."]

[node name="chair_gltf" parent="Food" instance=ExtResource("16_bkh8d")]
transform = Transform3D(0.958467, 0, -0.285203, 0, 1, 0, 0.285203, 0, 0.958467, -2.85596, 0, -0.0577674)

[node name="stool_gltf" parent="Food" instance=ExtResource("40_oadnc")]
transform = Transform3D(0.311904, 0, -0.950114, 0, 1, 0, 0.950114, 0, 0.311904, -4.10766, 4.76837e-07, -1.07847)

[node name="table_long_decorated_A_gltf" parent="Food" instance=ExtResource("42_ybcda")]
transform = Transform3D(0.795632, 0, 0.60578, 0, 1, 0, -0.60578, 0, 0.795632, -4.94767, 0, 0.680516)

[node name="table_medium_tablecloth_decorated_B_gltf" parent="Food" instance=ExtResource("43_6ycrb")]
transform = Transform3D(0.311904, 0, -0.950114, 0, 1, 0, 0.950114, 0, 0.311904, -7.636, 0, -1.91213)

[node name="keg_decorated_gltf" parent="Food" instance=ExtResource("30_feps7")]
transform = Transform3D(0.121783, 0, 0.992557, 0, 1, 0, -0.992557, 0, 0.121783, -9.84829, 0, -3.12116)

[node name="Bed1" type="Node3D" parent="."]

[node name="bed_floor_gltf" parent="Bed1" instance=ExtResource("4_qix14")]
transform = Transform3D(-0.832892, 0, 0.553435, 0, 1, 0, -0.553435, 0, -0.832892, -1.14508, 4.76837e-07, 2.5779)

[node name="plate_food_A_gltf" parent="Bed1" instance=ExtResource("33_afpv2")]
transform = Transform3D(-0.322547, 0, -0.946554, 0, 1, 0, 0.946554, 0, -0.322547, -2.65889, 0, 2.25484)

[node name="plate_food_B_gltf" parent="Bed1" instance=ExtResource("34_easjq")]
transform = Transform3D(-0.322547, 0, -0.946554, 0, 1, 0, 0.946554, 0, -0.322547, -3.19125, 0, 3.24484)

[node name="Bed2" type="Node3D" parent="."]

[node name="bed_floor_gltf2" parent="Bed2" instance=ExtResource("4_qix14")]
transform = Transform3D(-0.591901, 0, -0.806011, 0, 1, 0, 0.806011, 0, -0.591901, 6.4852, 0, -2.97518)

[node name="table_small_decorated_A_gltf" parent="Bed2" instance=ExtResource("44_shijx")]
transform = Transform3D(1, 0, 0, 0, 1, 0, 0, 0, 1, 8.36943, 0, -3.82223)

[node name="rubble_half_gltf2" parent="." instance=ExtResource("36_ushfv")]
transform = Transform3D(-0.9681, 0, 0.250566, 0, 1, 0, -0.250566, 0, -0.9681, 8.59552, 0, 6.66199)

[node name="rubble_large_gltf" parent="." instance=ExtResource("35_qthep")]
transform = Transform3D(-0.542778, 0, -0.839876, 0, 1, 0, 0.839876, 0, -0.542778, 9.30212, 0, 5.18168)

[node name="rubble_half_gltf" parent="." instance=ExtResource("36_ushfv")]
transform = Transform3D(-0.719158, 0, 0.694847, 0, 1, 0, -0.694847, 0, -0.719158, 11.4978, 0, -4.10769)

[node name="rubble_large_gltf2" parent="." instance=ExtResource("35_qthep")]
transform = Transform3D(0.149345, 0, -0.988785, 0, 1, 0, 0.988785, 0, 0.149345, 11.5031, 0, -0.444994)

[node name="rubble_half_gltf3" parent="." instance=ExtResource("36_ushfv")]
transform = Transform3D(0.15802, 0, 0.987436, 0, 1, 0, -0.987436, 0, 0.15802, -5.10199, 0, 6.53844)

[node name="rubble_large_gltf3" parent="." instance=ExtResource("35_qthep")]
transform = Transform3D(-0.887382, 0, 0.461036, 0, 1, 0, -0.461036, 0, -0.887382, -2.18675, 0, 6.155)

[node name="rubble_half_gltf4" parent="." instance=ExtResource("36_ushfv")]
transform = Transform3D(0.623825, 0, 0.781565, 0, 1, 0, -0.781565, 0, 0.623825, 5.89361, 0, 8.41067)

[node name="rubble_large_gltf4" parent="." instance=ExtResource("35_qthep")]
transform = Transform3D(-0.970262, 0, -0.242058, 0, 1, 0, 0.242058, 0, -0.970262, 2.24783, 0, 8.76181)

[node name="rubble_large_gltf5" parent="." instance=ExtResource("35_qthep")]
transform = Transform3D(-0.594613, 0, 0.804013, 0, 1, 0, -0.804013, 0, -0.594613, -8.03637, 0, 1.68508)

[node name="rubble_large_gltf6" parent="." instance=ExtResource("35_qthep")]
transform = Transform3D(-0.977955, 0, 0.208816, 0, 1, 0, -0.208816, 0, -0.977955, -5.19783, 0, 5.97519)
