[gd_scene load_steps=5 format=3 uid="uid://dawwbik4sgvk7"]

[ext_resource type="PackedScene" uid="uid://c7hiacvooqb8o" path="res://assets/KayKit_Adventurers_1.0_FREE/Characters/gltf/Barbarian.glb" id="1_15mcg"]

[sub_resource type="AnimationNodeAnimation" id="AnimationNodeAnimation_bwnva"]
animation = &"Idle"

[sub_resource type="AnimationNodeStateMachineTransition" id="AnimationNodeStateMachineTransition_huf1q"]
advance_mode = 2

[sub_resource type="AnimationNodeStateMachine" id="AnimationNodeStateMachine_1cu06"]
states/Idle/node = SubResource("AnimationNodeAnimation_bwnva")
states/Idle/position = Vector2(416, 100)
transitions = ["Start", "Idle", SubResource("AnimationNodeStateMachineTransition_huf1q")]

[node name="Barbarian" instance=ExtResource("1_15mcg")]

[node name="Skeleton3D" parent="Rig" index="0"]
bones/1/position = Vector3(0, 0.388757, 0)
bones/1/rotation = Quaternion(-1.11123e-10, 0.0431578, 2.57241e-09, 0.999068)
bones/4/rotation = Quaternion(-0.557271, -0.0623365, -0.6507, 0.512008)
bones/5/rotation = Quaternion(1.89805e-08, -5.40759e-08, -0.483508, 0.87534)
bones/7/rotation = Quaternion(-0.318973, -0.325697, 0.139778, 0.878999)
bones/8/rotation = Quaternion(0.000924213, 0.000924189, -0.703706, 0.71049)
bones/11/rotation = Quaternion(-0.616118, 0.0822207, 0.623989, 0.473578)
bones/12/rotation = Quaternion(1.99014e-08, 6.05259e-08, 0.507239, 0.861805)
bones/14/rotation = Quaternion(-0.31727, 0.300216, -0.221369, 0.871898)
bones/15/rotation = Quaternion(0.00176515, 0.00207909, 0.705272, 0.708931)
bones/19/rotation = Quaternion(-5.80608e-11, -0.0313417, -1.88012e-09, 0.999509)
bones/22/rotation = Quaternion(0.99337, 0.0833529, 0.0746257, 0.0264468)
bones/23/rotation = Quaternion(0.235959, 6.42984e-08, -1.64028e-07, 0.971763)
bones/24/rotation = Quaternion(-0.538539, -0.208247, 0.0498265, 0.81494)
bones/26/rotation = Quaternion(0.996549, -0.0300911, 0.0312255, 0.0707751)
bones/27/rotation = Quaternion(0.304175, -6.37635e-08, 2.11441e-07, 0.952616)
bones/28/rotation = Quaternion(-0.57508, 0.114298, -0.0111501, 0.809997)
bones/29/rotation = Quaternion(3.04791e-08, 0.920355, -0.391084, -6.94849e-08)
bones/30/rotation = Quaternion(0.707107, -2.29302e-07, -4.60552e-08, 0.707107)
bones/31/position = Vector3(0.202182, 0.0259903, 0.205181)
bones/31/rotation = Quaternion(-0.707107, -7.05285e-08, -7.05285e-08, 0.707107)
bones/32/rotation = Quaternion(9.65792e-09, 1.77955e-09, 0.985719, -0.168398)
bones/33/rotation = Quaternion(-1.04035e-07, 0.391084, 0.920355, -2.9526e-08)
bones/35/rotation = Quaternion(1, -3.10863e-15, 1.94707e-07, -6.91739e-22)
bones/37/rotation = Quaternion(0.707107, -3.82385e-08, 1.45009e-07, 0.707107)
bones/38/rotation = Quaternion(-0.707107, -7.05285e-08, -7.05285e-08, 0.707107)
bones/39/rotation = Quaternion(-5.83589e-09, 6.43837e-10, 0.994809, 0.101756)
bones/40/rotation = Quaternion(-1.04035e-07, 0.391084, 0.920355, -2.95261e-08)
bones/45/position = Vector3(0.520841, 0.780511, -0.0576374)
bones/45/rotation = Quaternion(0.794627, -1.11759e-07, 0.607098, -5.96046e-08)
bones/47/position = Vector3(-0.510844, 0.780511, 0.0597369)
bones/47/rotation = Quaternion(-0.758253, -1.52737e-07, 0.651961, -1.11759e-08)

[node name="1H_Axe_Offhand" parent="Rig/Skeleton3D" index="0"]
transform = Transform3D(4.26212e-05, 0.262982, 0.9648, 0.99995, -0.00959579, 0.00257177, 0.00993464, 0.964752, -0.26297, 0.516388, 0.628138, 0.0128032)
bone_idx = 9

[node name="Barbarian_Round_Shield" parent="Rig/Skeleton3D" index="1"]
transform = Transform3D(4.241e-05, 0.262982, 0.9648, 0.99995, -0.00959831, 0.00257267, 0.00993731, 0.964752, -0.262969, 0.662501, 0.628695, -0.0439127)
bone_idx = 10

[node name="1H_Axe" parent="Rig/Skeleton3D" index="2"]
transform = Transform3D(-0.00123147, -0.155264, 0.987872, 0.999986, -0.00517472, 0.000433005, 0.00504504, 0.987859, 0.155269, -0.496239, 0.63247, 0.138696)
bone_idx = 16

[node name="2H_Axe" parent="Rig/Skeleton3D" index="3"]
transform = Transform3D(-0.00123147, -0.155264, 0.987872, 0.999986, -0.00517472, 0.000433005, 0.00504504, 0.987859, 0.155269, -0.496239, 0.63247, 0.138696)
bone_idx = 17

[node name="Mug" parent="Rig/Skeleton3D" index="4"]
transform = Transform3D(-0.00123147, -0.155264, 0.987872, 0.999986, -0.00517472, 0.000433005, 0.00504504, 0.987859, 0.155269, -0.488269, 0.332162, 0.088828)
bone_idx = 18

[node name="Barbarian_Hat" parent="Rig/Skeleton3D" index="5"]
transform = Transform3D(0.99972, -1.40145e-09, 0.0236468, 1.39343e-09, 1, 3.55687e-10, -0.0236468, -3.22638e-10, 0.99972, -7.55729e-09, 1.19897, -1.39052e-07)
bone_idx = 20

[node name="Barbarian_Cape" parent="Rig/Skeleton3D" index="6"]
transform = Transform3D(0.996275, -5.14962e-09, 0.0862354, 5.13044e-09, 1, 4.44078e-10, -0.0862354, 1.47756e-15, 0.996275, -1.91641e-06, 1.19897, 2.59005e-08)
bone_idx = 21

[node name="AnimationTree" type="AnimationTree" parent="." index="2"]
tree_root = SubResource("AnimationNodeStateMachine_1cu06")
anim_player = NodePath("../AnimationPlayer")
active = true
