[gd_scene load_steps=5 format=3 uid="uid://dawwbik4sgvk7"]

[ext_resource type="PackedScene" uid="uid://c7hiacvooqb8o" path="res://assets/KayKit_Adventurers_1.0_FREE/Characters/gltf/Barbarian.glb" id="1_15mcg"]

[sub_resource type="AnimationNodeAnimation" id="AnimationNodeAnimation_bwnva"]
animation = &"Idle"

[sub_resource type="AnimationNodeStateMachineTransition" id="AnimationNodeStateMachineTransition_huf1q"]
advance_mode = 2

[sub_resource type="AnimationNodeStateMachine" id="AnimationNodeStateMachine_1cu06"]
states/Idle/node = SubResource("AnimationNodeAnimation_bwnva")
states/Idle/position = Vector2(416, 100)
transitions = ["Start", "Idle", SubResource("AnimationNodeStateMachineTransition_huf1q")]

[node name="Barbarian" instance=ExtResource("1_15mcg")]

[node name="Skeleton3D" parent="Rig" index="0"]
bones/1/position = Vector3(0, 0.374142, 0)
bones/1/rotation = Quaternion(-1.11123e-10, 0.0431578, 2.57241e-09, 0.999068)
bones/4/rotation = Quaternion(-0.551014, -0.0607293, -0.652063, 0.517214)
bones/5/rotation = Quaternion(2.31487e-08, -6.33603e-08, -0.48789, 0.872905)
bones/7/rotation = Quaternion(-0.317614, -0.333085, 0.138304, 0.876954)
bones/8/rotation = Quaternion(0.00157433, 0.00157433, -0.701303, 0.71286)
bones/11/rotation = Quaternion(-0.610344, 0.0810026, 0.625705, 0.47897)
bones/12/rotation = Quaternion(7.86246e-09, 4.85495e-08, 0.511419, 0.859332)
bones/14/rotation = Quaternion(-0.316443, 0.307749, -0.220157, 0.869877)
bones/15/rotation = Quaternion(0.00444213, 0.00523217, 0.702471, 0.711679)
bones/19/rotation = Quaternion(-5.80608e-11, -0.0313417, -1.88012e-09, 0.999509)
bones/22/rotation = Quaternion(0.990665, 0.0833799, 0.0779293, 0.074556)
bones/23/rotation = Quaternion(0.361979, 6.37294e-08, -2.54231e-07, 0.932186)
bones/24/rotation = Quaternion(-0.604173, -0.20276, 0.0707584, 0.76737)
bones/26/rotation = Quaternion(0.992757, -0.032589, 0.0301218, 0.111644)
bones/27/rotation = Quaternion(0.409696, -6.0105e-08, 2.85035e-07, 0.912222)
bones/28/rotation = Quaternion(-0.631566, 0.113008, -0.0205528, 0.766767)
bones/29/rotation = Quaternion(3.04791e-08, 0.920355, -0.391084, -6.94849e-08)
bones/30/rotation = Quaternion(0.707107, -2.29302e-07, -4.60552e-08, 0.707107)
bones/31/position = Vector3(0.202182, 0.0259903, 0.205181)
bones/31/rotation = Quaternion(-0.707107, -7.05285e-08, -7.05285e-08, 0.707107)
bones/32/rotation = Quaternion(9.65792e-09, 1.77955e-09, 0.985719, -0.168398)
bones/33/rotation = Quaternion(-1.04035e-07, 0.391084, 0.920355, -2.9526e-08)
bones/35/rotation = Quaternion(1, -3.10863e-15, 1.94707e-07, -6.91739e-22)
bones/37/rotation = Quaternion(0.707107, -3.82385e-08, 1.45009e-07, 0.707107)
bones/38/rotation = Quaternion(-0.707107, -7.05285e-08, -7.05285e-08, 0.707107)
bones/39/rotation = Quaternion(-5.83589e-09, 6.43837e-10, 0.994809, 0.101756)
bones/40/rotation = Quaternion(-1.04035e-07, 0.391084, 0.920355, -2.95261e-08)
bones/45/position = Vector3(0.520841, 0.767748, -0.0576374)
bones/45/rotation = Quaternion(0.794627, -1.11759e-07, 0.607098, -5.96046e-08)
bones/47/position = Vector3(-0.510844, 0.767748, 0.0597369)
bones/47/rotation = Quaternion(-0.758253, -1.52737e-07, 0.651961, -1.11759e-08)

[node name="1H_Axe_Offhand" parent="Rig/Skeleton3D" index="0"]
transform = Transform3D(1.59273e-05, 0.262859, 0.964834, 0.999855, -0.0163664, 0.00444266, 0.0169589, 0.964695, -0.262821, 0.516059, 0.614845, 0.012934)
bone_idx = 9

[node name="Barbarian_Round_Shield" parent="Rig/Skeleton3D" index="1"]
transform = Transform3D(1.57158e-05, 0.262858, 0.964834, 0.999855, -0.0163689, 0.00444356, 0.0169616, 0.964695, -0.262821, 0.662178, 0.615804, -0.0437578)
bone_idx = 10

[node name="1H_Axe" parent="Rig/Skeleton3D" index="2"]
transform = Transform3D(-0.00314245, -0.16339, 0.986556, 0.999914, -0.0130258, 0.00102749, 0.0126831, 0.986475, 0.163417, -0.496139, 0.619176, 0.138802)
bone_idx = 16

[node name="2H_Axe" parent="Rig/Skeleton3D" index="3"]
transform = Transform3D(-0.00314245, -0.16339, 0.986556, 0.999914, -0.0130258, 0.00102749, 0.0126831, 0.986475, 0.163417, -0.496139, 0.619176, 0.138802)
bone_idx = 17

[node name="Mug" parent="Rig/Skeleton3D" index="4"]
transform = Transform3D(-0.00314245, -0.16339, 0.986556, 0.999914, -0.0130258, 0.00102749, 0.0126831, 0.986475, 0.163417, -0.487197, 0.319273, 0.0867055)
bone_idx = 18

[node name="Barbarian_Hat" parent="Rig/Skeleton3D" index="5"]
transform = Transform3D(0.99972, -1.40143e-09, 0.0236466, 1.39341e-09, 1, 3.55686e-10, -0.0236466, -3.22637e-10, 0.99972, -7.55726e-09, 1.18435, -1.39052e-07)
bone_idx = 20

[node name="Barbarian_Cape" parent="Rig/Skeleton3D" index="6"]
transform = Transform3D(0.996275, -5.14962e-09, 0.0862353, 5.13043e-09, 1, 4.44077e-10, -0.0862353, 1.8939e-15, 0.996275, -1.91641e-06, 1.18435, 2.59003e-08)
bone_idx = 21

[node name="AnimationTree" type="AnimationTree" parent="." index="2"]
tree_root = SubResource("AnimationNodeStateMachine_1cu06")
anim_player = NodePath("../AnimationPlayer")
active = true
