[gd_scene load_steps=5 format=3 uid="uid://dawwbik4sgvk7"]

[ext_resource type="PackedScene" uid="uid://c7hiacvooqb8o" path="res://assets/KayKit_Adventurers_1.0_FREE/Characters/gltf/Barbarian.glb" id="1_15mcg"]

[sub_resource type="AnimationNodeAnimation" id="AnimationNodeAnimation_bwnva"]
animation = &"Idle"

[sub_resource type="AnimationNodeStateMachineTransition" id="AnimationNodeStateMachineTransition_huf1q"]
advance_mode = 2

[sub_resource type="AnimationNodeStateMachine" id="AnimationNodeStateMachine_1cu06"]
states/Idle/node = SubResource("AnimationNodeAnimation_bwnva")
states/Idle/position = Vector2(416, 100)
transitions = ["Start", "Idle", SubResource("AnimationNodeStateMachineTransition_huf1q")]

[node name="Barbarian" instance=ExtResource("1_15mcg")]

[node name="Skeleton3D" parent="Rig" index="0"]
bones/1/position = Vector3(0, 0.389931, 0)
bones/1/rotation = Quaternion(-1.11123e-10, 0.0431578, 2.57241e-09, 0.999068)
bones/4/rotation = Quaternion(-0.558148, -0.0618858, -0.6486, 0.513769)
bones/5/rotation = Quaternion(1.97904e-08, -4.2853e-08, -0.48699, 0.873407)
bones/7/rotation = Quaternion(-0.319614, -0.325475, 0.141646, 0.87855)
bones/8/rotation = Quaternion(0.000644356, 0.000644325, -0.704738, 0.709467)
bones/11/rotation = Quaternion(-0.616835, 0.0817545, 0.622117, 0.475186)
bones/12/rotation = Quaternion(2.056e-08, 5.18454e-08, 0.51056, 0.859842)
bones/14/rotation = Quaternion(-0.317893, 0.300241, -0.223254, 0.871182)
bones/15/rotation = Quaternion(0.0011879, 0.00139917, 0.705873, 0.708336)
bones/19/rotation = Quaternion(-5.80608e-11, -0.0313417, -1.88012e-09, 0.999509)
bones/22/rotation = Quaternion(0.993513, 0.0834535, 0.0742578, 0.0213031)
bones/23/rotation = Quaternion(0.222569, 6.63762e-08, -1.5119e-07, 0.974917)
bones/24/rotation = Quaternion(-0.53158, -0.208686, 0.0477516, 0.819508)
bones/26/rotation = Quaternion(0.996829, -0.0298709, 0.0313296, 0.0667751)
bones/27/rotation = Quaternion(0.293877, -6.33059e-08, 2.04108e-07, 0.955843)
bones/28/rotation = Quaternion(-0.5696, 0.114378, -0.0102812, 0.81386)
bones/29/rotation = Quaternion(3.04791e-08, 0.920355, -0.391084, -6.94849e-08)
bones/30/rotation = Quaternion(0.707107, -2.29302e-07, -4.60552e-08, 0.707107)
bones/31/position = Vector3(0.202182, 0.0259903, 0.205181)
bones/31/rotation = Quaternion(-0.707107, -7.05285e-08, -7.05285e-08, 0.707107)
bones/32/rotation = Quaternion(9.65792e-09, 1.77955e-09, 0.985719, -0.168398)
bones/33/rotation = Quaternion(-1.04035e-07, 0.391084, 0.920355, -2.9526e-08)
bones/35/rotation = Quaternion(1, -3.10863e-15, 1.94707e-07, -6.91739e-22)
bones/37/rotation = Quaternion(0.707107, -3.82385e-08, 1.45009e-07, 0.707107)
bones/38/rotation = Quaternion(-0.707107, -7.05285e-08, -7.05285e-08, 0.707107)
bones/39/rotation = Quaternion(-5.83589e-09, 6.43837e-10, 0.994809, 0.101756)
bones/40/rotation = Quaternion(-1.04035e-07, 0.391084, 0.920355, -2.95261e-08)
bones/45/position = Vector3(0.520841, 0.783062, -0.0576374)
bones/45/rotation = Quaternion(0.794627, -1.11759e-07, 0.607098, -5.96046e-08)
bones/47/position = Vector3(-0.510844, 0.783062, 0.0597369)
bones/47/rotation = Quaternion(-0.758253, -1.52737e-07, 0.651961, -1.11759e-08)

[node name="1H_Axe_Offhand" parent="Rig/Skeleton3D" index="0"]
transform = Transform3D(1.58614e-06, 0.262865, 0.964832, 0.999975, -0.00668806, 0.00182079, 0.00693173, 0.964809, -0.262858, 0.51643, 0.630923, 0.0130531)
bone_idx = 9

[node name="Barbarian_Round_Shield" parent="Rig/Skeleton3D" index="1"]
transform = Transform3D(1.37465e-06, 0.262864, 0.964832, 0.999975, -0.00669059, 0.00182169, 0.0069344, 0.964809, -0.262858, 0.662549, 0.631316, -0.0436463)
bone_idx = 10

[node name="1H_Axe" parent="Rig/Skeleton3D" index="2"]
transform = Transform3D(-0.000824323, -0.15351, 0.988146, 0.999993, -0.0034845, 0.000292604, 0.0033986, 0.98814, 0.153512, -0.496181, 0.63526, 0.138956)
bone_idx = 16

[node name="2H_Axe" parent="Rig/Skeleton3D" index="3"]
transform = Transform3D(-0.000824323, -0.15351, 0.988146, 0.999993, -0.0034845, 0.000292604, 0.0033986, 0.98814, 0.153512, -0.496181, 0.63526, 0.138956)
bone_idx = 17

[node name="Mug" parent="Rig/Skeleton3D" index="4"]
transform = Transform3D(-0.000824323, -0.15351, 0.988146, 0.999993, -0.0034845, 0.000292604, 0.0033986, 0.98814, 0.153512, -0.488419, 0.334867, 0.0895686)
bone_idx = 18

[node name="Barbarian_Hat" parent="Rig/Skeleton3D" index="5"]
transform = Transform3D(0.99972, -1.40145e-09, 0.0236468, 1.39343e-09, 1, 3.55687e-10, -0.0236468, -3.22638e-10, 0.99972, -7.55729e-09, 1.20014, -1.39052e-07)
bone_idx = 20

[node name="Barbarian_Cape" parent="Rig/Skeleton3D" index="6"]
transform = Transform3D(0.996275, -5.14962e-09, 0.0862354, 5.13044e-09, 1, 4.44078e-10, -0.0862354, 1.47756e-15, 0.996275, -1.91641e-06, 1.20014, 2.59005e-08)
bone_idx = 21

[node name="AnimationTree" type="AnimationTree" parent="." index="2"]
tree_root = SubResource("AnimationNodeStateMachine_1cu06")
anim_player = NodePath("../AnimationPlayer")
active = true
