[gd_scene load_steps=5 format=3 uid="uid://dawwbik4sgvk7"]

[ext_resource type="PackedScene" uid="uid://c7hiacvooqb8o" path="res://assets/KayKit_Adventurers_1.0_FREE/Characters/gltf/Barbarian.glb" id="1_15mcg"]

[sub_resource type="AnimationNodeAnimation" id="AnimationNodeAnimation_bwnva"]
animation = &"Idle"

[sub_resource type="AnimationNodeStateMachineTransition" id="AnimationNodeStateMachineTransition_huf1q"]
advance_mode = 2

[sub_resource type="AnimationNodeStateMachine" id="AnimationNodeStateMachine_1cu06"]
states/Idle/node = SubResource("AnimationNodeAnimation_bwnva")
states/Idle/position = Vector2(416, 100)
transitions = ["Start", "Idle", SubResource("AnimationNodeStateMachineTransition_huf1q")]

[node name="Barbarian" instance=ExtResource("1_15mcg")]

[node name="Skeleton3D" parent="Rig" index="0"]
bones/1/position = Vector3(0, 0.369011, 0)
bones/1/rotation = Quaternion(-1.11123e-10, 0.0431578, 2.57241e-09, 0.999068)
bones/4/rotation = Quaternion(-0.551384, -0.0564583, -0.637857, 0.534721)
bones/5/rotation = Quaternion(3.53159e-08, -7.0713e-08, -0.516129, 0.856511)
bones/7/rotation = Quaternion(-0.321368, -0.338866, 0.149892, 0.87145)
bones/8/rotation = Quaternion(0.00100944, 0.00100944, -0.703391, 0.710801)
bones/11/rotation = Quaternion(-0.609983, 0.0769974, 0.613449, 0.495653)
bones/12/rotation = Quaternion(1.5734e-08, 4.91464e-08, 0.538472, 0.842643)
bones/14/rotation = Quaternion(-0.320461, 0.315074, -0.2321, 0.862649)
bones/15/rotation = Quaternion(0.00316226, 0.00372468, 0.703813, 0.710368)
bones/19/rotation = Quaternion(-5.80608e-11, -0.0313417, -1.88012e-09, 0.999509)
bones/22/rotation = Quaternion(0.989511, 0.0837562, 0.0787833, 0.0874471)
bones/23/rotation = Quaternion(0.396056, 6.37254e-08, -2.65823e-07, 0.918226)
bones/24/rotation = Quaternion(-0.622053, -0.200762, 0.0769388, 0.752878)
bones/26/rotation = Quaternion(0.991354, -0.0334061, 0.0297891, 0.123349)
bones/27/rotation = Quaternion(0.44007, -5.75152e-08, 3.06579e-07, 0.897964)
bones/28/rotation = Quaternion(-0.648009, 0.112451, -0.0234578, 0.75292)
bones/29/rotation = Quaternion(3.04791e-08, 0.920355, -0.391084, -6.94849e-08)
bones/30/rotation = Quaternion(0.707107, -2.29302e-07, -4.60552e-08, 0.707107)
bones/31/position = Vector3(0.202182, 0.0259903, 0.205181)
bones/31/rotation = Quaternion(-0.707107, -7.05285e-08, -7.05285e-08, 0.707107)
bones/32/rotation = Quaternion(9.65792e-09, 1.77955e-09, 0.985719, -0.168398)
bones/33/rotation = Quaternion(-1.04035e-07, 0.391084, 0.920355, -2.9526e-08)
bones/35/rotation = Quaternion(1, -3.10863e-15, 1.94707e-07, -6.91739e-22)
bones/37/rotation = Quaternion(0.707107, -3.82385e-08, 1.45009e-07, 0.707107)
bones/38/rotation = Quaternion(-0.707107, -7.05285e-08, -7.05285e-08, 0.707107)
bones/39/rotation = Quaternion(-5.83589e-09, 6.43837e-10, 0.994809, 0.101756)
bones/40/rotation = Quaternion(-1.04035e-07, 0.391084, 0.920355, -2.95261e-08)
bones/45/position = Vector3(0.520841, 0.774312, -0.0576374)
bones/45/rotation = Quaternion(0.794627, -1.11759e-07, 0.607098, -5.96046e-08)
bones/47/position = Vector3(-0.510844, 0.774312, 0.0597369)
bones/47/rotation = Quaternion(-0.758253, -1.52737e-07, 0.651961, -1.11759e-08)

[node name="1H_Axe_Offhand" parent="Rig/Skeleton3D" index="0"]
transform = Transform3D(8.59704e-07, 0.262863, 0.964832, 0.99994, -0.0104798, 0.00285454, 0.0108619, 0.964776, -0.262848, 0.51609, 0.622583, 0.0148384)
bone_idx = 9

[node name="Barbarian_Round_Shield" parent="Rig/Skeleton3D" index="1"]
transform = Transform3D(6.48214e-07, 0.262863, 0.964832, 0.99994, -0.0104824, 0.00285545, 0.0108646, 0.964776, -0.262848, 0.662209, 0.623199, -0.0418588)
bone_idx = 10

[node name="1H_Axe" parent="Rig/Skeleton3D" index="2"]
transform = Transform3D(-0.0022204, -0.159506, 0.987194, 0.999956, -0.00927413, 0.000750293, 0.00903613, 0.987152, 0.15952, -0.495661, 0.627181, 0.140709)
bone_idx = 16

[node name="2H_Axe" parent="Rig/Skeleton3D" index="3"]
transform = Transform3D(-0.0022204, -0.159506, 0.987194, 0.999956, -0.00927413, 0.000750293, 0.00903613, 0.987152, 0.15952, -0.495661, 0.627181, 0.140709)
bone_idx = 17

[node name="Mug" parent="Rig/Skeleton3D" index="4"]
transform = Transform3D(-0.0022204, -0.159506, 0.987194, 0.999956, -0.00927413, 0.000750293, 0.00903613, 0.987152, 0.15952, -0.487187, 0.327082, 0.0896758)
bone_idx = 18

[node name="Barbarian_Hat" parent="Rig/Skeleton3D" index="5"]
transform = Transform3D(0.99972, -1.40143e-09, 0.0236466, 1.39341e-09, 1, 3.55686e-10, -0.0236466, -3.22637e-10, 0.99972, -7.55726e-09, 1.17922, -1.39052e-07)
bone_idx = 20

[node name="Barbarian_Cape" parent="Rig/Skeleton3D" index="6"]
transform = Transform3D(0.996275, -5.14962e-09, 0.0862353, 5.13043e-09, 1, 4.44077e-10, -0.0862353, 1.8939e-15, 0.996275, -1.91641e-06, 1.17922, 2.59003e-08)
bone_idx = 21

[node name="AnimationTree" type="AnimationTree" parent="." index="2"]
tree_root = SubResource("AnimationNodeStateMachine_1cu06")
anim_player = NodePath("../AnimationPlayer")
active = true
