[gd_scene load_steps=5 format=3 uid="uid://dawwbik4sgvk7"]

[ext_resource type="PackedScene" uid="uid://c7hiacvooqb8o" path="res://assets/KayKit_Adventurers_1.0_FREE/Characters/gltf/Barbarian.glb" id="1_15mcg"]

[sub_resource type="AnimationNodeAnimation" id="AnimationNodeAnimation_bwnva"]
animation = &"Idle"

[sub_resource type="AnimationNodeStateMachineTransition" id="AnimationNodeStateMachineTransition_huf1q"]
advance_mode = 2

[sub_resource type="AnimationNodeStateMachine" id="AnimationNodeStateMachine_1cu06"]
states/Idle/node = SubResource("AnimationNodeAnimation_bwnva")
states/Idle/position = Vector2(416, 100)
transitions = ["Start", "Idle", SubResource("AnimationNodeStateMachineTransition_huf1q")]

[node name="Barbarian" instance=ExtResource("1_15mcg")]

[node name="Skeleton3D" parent="Rig" index="0"]
bones/1/position = Vector3(0, 0.390475, 0)
bones/1/rotation = Quaternion(-1.11123e-10, 0.0431578, 2.57241e-09, 0.999068)
bones/4/rotation = Quaternion(-0.558583, -0.0616455, -0.647493, 0.514721)
bones/5/rotation = Quaternion(1.99467e-08, -4.18333e-08, -0.488839, 0.872374)
bones/7/rotation = Quaternion(-0.31996, -0.325422, 0.142628, 0.878285)
bones/8/rotation = Quaternion(0.000492142, 0.00049211, -0.705298, 0.708911)
bones/11/rotation = Quaternion(-0.617185, 0.0815084, 0.621134, 0.476059)
bones/12/rotation = Quaternion(2.05509e-08, 5.37138e-08, 0.512325, 0.858792)
bones/14/rotation = Quaternion(-0.318226, 0.300292, -0.224239, 0.870789)
bones/15/rotation = Quaternion(0.000897334, 0.00105693, 0.706176, 0.708035)
bones/19/rotation = Quaternion(-5.80608e-11, -0.0313417, -1.88012e-09, 0.999509)
bones/22/rotation = Quaternion(0.993573, 0.0835136, 0.0740733, 0.0187456)
bones/23/rotation = Quaternion(0.215928, 6.55523e-08, -1.43964e-07, 0.976409)
bones/24/rotation = Quaternion(-0.528131, -0.208894, 0.046736, 0.82174)
bones/26/rotation = Quaternion(0.996958, -0.0297666, 0.0313798, 0.0648423)
bones/27/rotation = Quaternion(0.288909, -6.36943e-08, 2.00224e-07, 0.957357)
bones/28/rotation = Quaternion(-0.56696, 0.114414, -0.00986569, 0.815701)
bones/29/rotation = Quaternion(3.04791e-08, 0.920355, -0.391084, -6.94849e-08)
bones/30/rotation = Quaternion(0.707107, -2.29302e-07, -4.60552e-08, 0.707107)
bones/31/position = Vector3(0.202182, 0.0259903, 0.205181)
bones/31/rotation = Quaternion(-0.707107, -7.05285e-08, -7.05285e-08, 0.707107)
bones/32/rotation = Quaternion(9.65792e-09, 1.77955e-09, 0.985719, -0.168398)
bones/33/rotation = Quaternion(-1.04035e-07, 0.391084, 0.920355, -2.9526e-08)
bones/35/rotation = Quaternion(1, -3.10863e-15, 1.94707e-07, -6.91739e-22)
bones/37/rotation = Quaternion(0.707107, -3.82385e-08, 1.45009e-07, 0.707107)
bones/38/rotation = Quaternion(-0.707107, -7.05285e-08, -7.05285e-08, 0.707107)
bones/39/rotation = Quaternion(-5.83589e-09, 6.43837e-10, 0.994809, 0.101756)
bones/40/rotation = Quaternion(-1.04035e-07, 0.391084, 0.920355, -2.95261e-08)
bones/45/position = Vector3(0.520841, 0.784346, -0.0576374)
bones/45/rotation = Quaternion(0.794627, -1.11759e-07, 0.607098, -5.96046e-08)
bones/47/position = Vector3(-0.510844, 0.784346, 0.0597369)
bones/47/rotation = Quaternion(-0.758253, -1.52737e-07, 0.651961, -1.11759e-08)

[node name="1H_Axe_Offhand" parent="Rig/Skeleton3D" index="0"]
transform = Transform3D(3.21176e-06, 0.262867, 0.964832, 0.999985, -0.00510866, 0.00138883, 0.00529435, 0.964818, -0.262863, 0.516454, 0.632333, 0.013188)
bone_idx = 9

[node name="Barbarian_Round_Shield" parent="Rig/Skeleton3D" index="1"]
transform = Transform3D(3.00028e-06, 0.262867, 0.964832, 0.999985, -0.00511118, 0.00138974, 0.00529702, 0.964818, -0.262863, 0.662573, 0.632632, -0.0435123)
bone_idx = 10

[node name="1H_Axe" parent="Rig/Skeleton3D" index="2"]
transform = Transform3D(-0.000624446, -0.152626, 0.988283, 0.999996, -0.00262936, 0.000225456, 0.00256445, 0.98828, 0.152627, -0.49615, 0.636668, 0.139094)
bone_idx = 16

[node name="2H_Axe" parent="Rig/Skeleton3D" index="3"]
transform = Transform3D(-0.000624446, -0.152626, 0.988283, 0.999996, -0.00262936, 0.000225456, 0.00256445, 0.98828, 0.152627, -0.49615, 0.636668, 0.139094)
bone_idx = 17

[node name="Mug" parent="Rig/Skeleton3D" index="4"]
transform = Transform3D(-0.000624446, -0.152626, 0.988283, 0.999996, -0.00262936, 0.000225456, 0.00256445, 0.98828, 0.152627, -0.488492, 0.336232, 0.0899506)
bone_idx = 18

[node name="Barbarian_Hat" parent="Rig/Skeleton3D" index="5"]
transform = Transform3D(0.99972, -1.40145e-09, 0.0236468, 1.39343e-09, 1, 3.55687e-10, -0.0236468, -3.22638e-10, 0.99972, -7.55729e-09, 1.20069, -1.39052e-07)
bone_idx = 20

[node name="Barbarian_Cape" parent="Rig/Skeleton3D" index="6"]
transform = Transform3D(0.996275, -5.14962e-09, 0.0862354, 5.13044e-09, 1, 4.44078e-10, -0.0862354, 1.47756e-15, 0.996275, -1.91641e-06, 1.20069, 2.59005e-08)
bone_idx = 21

[node name="AnimationTree" type="AnimationTree" parent="." index="2"]
tree_root = SubResource("AnimationNodeStateMachine_1cu06")
anim_player = NodePath("../AnimationPlayer")
active = true
