[gd_scene load_steps=5 format=3 uid="uid://dawwbik4sgvk7"]

[ext_resource type="PackedScene" uid="uid://c7hiacvooqb8o" path="res://assets/KayKit_Adventurers_1.0_FREE/Characters/gltf/Barbarian.glb" id="1_15mcg"]

[sub_resource type="AnimationNodeAnimation" id="AnimationNodeAnimation_bwnva"]
animation = &"Idle"

[sub_resource type="AnimationNodeStateMachineTransition" id="AnimationNodeStateMachineTransition_huf1q"]
advance_mode = 2

[sub_resource type="AnimationNodeStateMachine" id="AnimationNodeStateMachine_1cu06"]
states/Idle/node = SubResource("AnimationNodeAnimation_bwnva")
states/Idle/position = Vector2(416, 100)
transitions = ["Start", "Idle", SubResource("AnimationNodeStateMachineTransition_huf1q")]

[node name="Barbarian" instance=ExtResource("1_15mcg")]

[node name="Skeleton3D" parent="Rig" index="0"]
bones/1/position = Vector3(0, 0.385364, 0)
bones/1/rotation = Quaternion(-1.11123e-10, 0.0431578, 2.57241e-09, 0.999068)
bones/4/rotation = Quaternion(-0.555012, -0.0632641, -0.655356, 0.508397)
bones/5/rotation = Quaternion(1.81537e-08, -6.16938e-08, -0.476037, 0.879425)
bones/7/rotation = Quaternion(-0.317511, -0.326408, 0.135539, 0.879929)
bones/8/rotation = Quaternion(0.00149603, 0.00149602, -0.701593, 0.712575)
bones/11/rotation = Quaternion(-0.614232, 0.0832051, 0.628167, 0.470322)
bones/12/rotation = Quaternion(-2.18435e-09, 5.10994e-08, 0.500121, 0.865956)
bones/14/rotation = Quaternion(-0.315898, 0.300573, -0.217153, 0.873332)
bones/15/rotation = Quaternion(0.00319036, 0.00375778, 0.703784, 0.710397)
bones/19/rotation = Quaternion(-5.80608e-11, -0.0313417, -1.88012e-09, 0.999509)
bones/22/rotation = Quaternion(0.992866, 0.0831731, 0.0755704, 0.0398641)
bones/23/rotation = Quaternion(0.270934, 6.49589e-08, -1.89412e-07, 0.962598)
bones/24/rotation = Quaternion(-0.556726, -0.206978, 0.0553827, 0.802589)
bones/26/rotation = Quaternion(0.995709, -0.0307109, 0.0309399, 0.0816229)
bones/27/rotation = Quaternion(0.332062, -6.2484e-08, 2.30593e-07, 0.943257)
bones/28/rotation = Quaternion(-0.58994, 0.114043, -0.0135428, 0.799238)
bones/29/rotation = Quaternion(3.04791e-08, 0.920355, -0.391084, -6.94849e-08)
bones/30/rotation = Quaternion(0.707107, -2.29302e-07, -4.60552e-08, 0.707107)
bones/31/position = Vector3(0.202182, 0.0259903, 0.205181)
bones/31/rotation = Quaternion(-0.707107, -7.05285e-08, -7.05285e-08, 0.707107)
bones/32/rotation = Quaternion(9.65792e-09, 1.77955e-09, 0.985719, -0.168398)
bones/33/rotation = Quaternion(-1.04035e-07, 0.391084, 0.920355, -2.9526e-08)
bones/35/rotation = Quaternion(1, -3.10863e-15, 1.94707e-07, -6.91739e-22)
bones/37/rotation = Quaternion(0.707107, -3.82385e-08, 1.45009e-07, 0.707107)
bones/38/rotation = Quaternion(-0.707107, -7.05285e-08, -7.05285e-08, 0.707107)
bones/39/rotation = Quaternion(-5.83589e-09, 6.43837e-10, 0.994809, 0.101756)
bones/40/rotation = Quaternion(-1.04035e-07, 0.391084, 0.920355, -2.95261e-08)
bones/45/position = Vector3(0.520841, 0.774212, -0.0576374)
bones/45/rotation = Quaternion(0.794627, -1.11759e-07, 0.607098, -5.96046e-08)
bones/47/position = Vector3(-0.510844, 0.774212, 0.0597369)
bones/47/rotation = Quaternion(-0.758253, -1.52737e-07, 0.651961, -1.11759e-08)

[node name="1H_Axe_Offhand" parent="Rig/Skeleton3D" index="0"]
transform = Transform3D(2.85436e-06, 0.262867, 0.964831, 0.99987, -0.0155307, 0.0042286, 0.0160962, 0.964706, -0.262833, 0.516276, 0.621332, 0.0122387)
bone_idx = 9

[node name="Barbarian_Round_Shield" parent="Rig/Skeleton3D" index="1"]
transform = Transform3D(2.64288e-06, 0.262867, 0.964831, 0.99987, -0.0155332, 0.0042295, 0.0160989, 0.964706, -0.262833, 0.662395, 0.622245, -0.0444552)
bone_idx = 10

[node name="1H_Axe" parent="Rig/Skeleton3D" index="2"]
transform = Transform3D(-0.00224381, -0.159592, 0.98718, 0.999955, -0.00935439, 0.000760249, 0.00911352, 0.987138, 0.159606, -0.496365, 0.625632, 0.138127)
bone_idx = 16

[node name="2H_Axe" parent="Rig/Skeleton3D" index="3"]
transform = Transform3D(-0.00224381, -0.159592, 0.98718, 0.999955, -0.00935439, 0.000760249, 0.00911352, 0.987138, 0.159606, -0.496365, 0.625632, 0.138127)
bone_idx = 17

[node name="Mug" parent="Rig/Skeleton3D" index="4"]
transform = Transform3D(-0.00224381, -0.159592, 0.98718, 0.999955, -0.00935439, 0.000760249, 0.00911352, 0.987138, 0.159606, -0.487879, 0.325538, 0.0870713)
bone_idx = 18

[node name="Barbarian_Hat" parent="Rig/Skeleton3D" index="5"]
transform = Transform3D(0.99972, -1.40145e-09, 0.0236468, 1.39343e-09, 1, 3.55687e-10, -0.0236468, -3.22638e-10, 0.99972, -7.55729e-09, 1.19557, -1.39052e-07)
bone_idx = 20

[node name="Barbarian_Cape" parent="Rig/Skeleton3D" index="6"]
transform = Transform3D(0.996275, -5.14962e-09, 0.0862354, 5.13044e-09, 1, 4.44078e-10, -0.0862354, 1.47756e-15, 0.996275, -1.91641e-06, 1.19557, 2.59005e-08)
bone_idx = 21

[node name="AnimationTree" type="AnimationTree" parent="." index="2"]
tree_root = SubResource("AnimationNodeStateMachine_1cu06")
anim_player = NodePath("../AnimationPlayer")
active = true
