[gd_scene load_steps=5 format=3 uid="uid://dcbt3cxtuaj55"]

[ext_resource type="PackedScene" uid="uid://cir008aa6gc6b" path="res://assets/KayKit_Adventurers_1.0_FREE/Characters/gltf/Mage.glb" id="1_e8kfv"]

[sub_resource type="AnimationNodeAnimation" id="AnimationNodeAnimation_8x745"]
animation = &"Idle"

[sub_resource type="AnimationNodeStateMachineTransition" id="AnimationNodeStateMachineTransition_nyeqw"]
advance_mode = 2

[sub_resource type="AnimationNodeStateMachine" id="AnimationNodeStateMachine_j74gj"]
states/Idle/node = SubResource("AnimationNodeAnimation_8x745")
states/Idle/position = Vector2(411, 100)
transitions = ["Start", "Idle", SubResource("AnimationNodeStateMachineTransition_nyeqw")]

[node name="Mage" instance=ExtResource("1_e8kfv")]

[node name="Skeleton3D" parent="Rig" index="0"]
bones/1/position = Vector3(0, 0.391267, 0)
bones/1/rotation = Quaternion(-1.11123e-10, 0.0431578, 2.57241e-09, 0.999068)
bones/4/rotation = Quaternion(-0.55965, -0.0606694, -0.643587, 0.518562)
bones/5/rotation = Quaternion(1.711e-08, -4.32854e-08, -0.495664, 0.868515)
bones/7/rotation = Quaternion(-0.321151, -0.326045, 0.146164, 0.877037)
bones/8/rotation = Quaternion(6.33503e-05, 6.33527e-05, -0.706874, 0.707339)
bones/11/rotation = Quaternion(-0.617987, 0.080544, 0.617702, 0.479634)
bones/12/rotation = Quaternion(2.97006e-08, 4.75052e-08, 0.518841, 0.854871)
bones/14/rotation = Quaternion(-0.319385, 0.301082, -0.227685, 0.869196)
bones/15/rotation = Quaternion(0.000177926, 0.000209568, 0.706922, 0.707291)
bones/18/rotation = Quaternion(-5.80608e-11, -0.0313417, -1.88012e-09, 0.999509)
bones/21/rotation = Quaternion(0.99366, 0.0836208, 0.0737571, 0.0143854)
bones/22/rotation = Quaternion(0.204601, 6.40443e-08, -1.3466e-07, 0.978846)
bones/23/rotation = Quaternion(-0.522243, -0.209236, 0.045012, 0.825504)
bones/25/rotation = Quaternion(0.997167, -0.0295917, 0.031464, 0.0615821)
bones/26/rotation = Quaternion(0.280523, -6.3683e-08, 1.95637e-07, 0.959847)
bones/27/rotation = Quaternion(-0.562502, 0.114472, -0.00916698, 0.818782)
bones/28/rotation = Quaternion(3.04791e-08, 0.920355, -0.391084, -6.94849e-08)
bones/29/rotation = Quaternion(0.707107, -2.29302e-07, -4.60552e-08, 0.707107)
bones/30/position = Vector3(0.202182, 0.0259903, 0.205181)
bones/30/rotation = Quaternion(-0.707107, -7.05285e-08, -7.05285e-08, 0.707107)
bones/31/rotation = Quaternion(9.65792e-09, 1.77955e-09, 0.985719, -0.168398)
bones/32/rotation = Quaternion(-1.04035e-07, 0.391084, 0.920355, -2.9526e-08)
bones/34/rotation = Quaternion(1, -3.10863e-15, 1.94707e-07, -6.91739e-22)
bones/36/rotation = Quaternion(0.707107, -3.82385e-08, 1.45009e-07, 0.707107)
bones/37/rotation = Quaternion(-0.707107, -7.05285e-08, -7.05285e-08, 0.707107)
bones/38/rotation = Quaternion(-5.83589e-09, 6.43837e-10, 0.994809, 0.101756)
bones/39/rotation = Quaternion(-1.04035e-07, 0.391084, 0.920355, -2.95261e-08)
bones/44/position = Vector3(0.520841, 0.787662, -0.0576373)
bones/44/rotation = Quaternion(0.794627, -1.11759e-07, 0.607098, -5.96046e-08)
bones/46/position = Vector3(-0.510844, 0.787662, 0.0597369)
bones/46/rotation = Quaternion(-0.758253, -1.52737e-07, 0.651961, -1.11759e-08)

[node name="Spellbook" parent="Rig/Skeleton3D" index="0"]
transform = Transform3D(-1.61569e-05, 0.964633, 0.263596, -0.999999, 0.000253763, -0.000988957, -0.00102106, -0.263596, 0.964632, 0.577869, 0.636101, 0.237793)
bone_idx = 9

[node name="Spellbook_open" parent="Rig/Skeleton3D" index="1"]
transform = Transform3D(-1.61569e-05, 0.964633, 0.263596, -0.999999, 0.000253763, -0.000988957, -0.00102106, -0.263596, 0.964632, 0.546145, 0.63622, 0.121698)
bone_idx = 10

[node name="1H_Wand" parent="Rig/Skeleton3D" index="2"]
transform = Transform3D(-2.77483e-05, -0.15067, 0.988583, 0.999999, -0.000732706, -8.3834e-05, 0.000737284, 0.988583, 0.15067, -0.491111, 0.64068, 0.106566)
bone_idx = 16

[node name="2H_Staff" parent="Rig/Skeleton3D" index="3"]
transform = Transform3D(-2.77483e-05, -0.15067, 0.988583, 0.999999, -0.000732706, -8.3834e-05, 0.000737284, 0.988583, 0.15067, -0.491111, 0.64068, 0.106566)
bone_idx = 17

[node name="Mage_Hat" parent="Rig/Skeleton3D" index="4"]
transform = Transform3D(0.99972, -0.00612025, 0.0228411, 1.39343e-09, 0.965926, 0.258819, -0.0236468, -0.258747, 0.965656, -7.48423e-09, 1.7697, -1.02479e-07)
bone_idx = 19

[node name="Mage_Cape" parent="Rig/Skeleton3D" index="5"]
transform = Transform3D(0.996275, -5.14962e-09, 0.0862354, 5.13044e-09, 1, 4.44078e-10, -0.0862354, 1.47756e-15, 0.996275, -1.2997e-08, 1.20148, -1.01951e-07)
bone_idx = 20

[node name="AnimationTree" type="AnimationTree" parent="." index="2"]
tree_root = SubResource("AnimationNodeStateMachine_j74gj")
anim_player = NodePath("../AnimationPlayer")
active = true
