[gd_scene load_steps=5 format=3 uid="uid://dcbt3cxtuaj55"]

[ext_resource type="PackedScene" uid="uid://cir008aa6gc6b" path="res://assets/KayKit_Adventurers_1.0_FREE/Characters/gltf/Mage.glb" id="1_e8kfv"]

[sub_resource type="AnimationNodeAnimation" id="AnimationNodeAnimation_8x745"]
animation = &"Idle"

[sub_resource type="AnimationNodeStateMachineTransition" id="AnimationNodeStateMachineTransition_nyeqw"]
advance_mode = 2

[sub_resource type="AnimationNodeStateMachine" id="AnimationNodeStateMachine_j74gj"]
states/Idle/node = SubResource("AnimationNodeAnimation_8x745")
states/Idle/position = Vector2(411, 100)
transitions = ["Start", "Idle", SubResource("AnimationNodeStateMachineTransition_nyeqw")]

[node name="Mage" instance=ExtResource("1_e8kfv")]

[node name="Skeleton3D" parent="Rig" index="0"]
bones/1/position = Vector3(0, 0.380144, 0)
bones/1/rotation = Quaternion(-1.11123e-10, 0.0431578, 2.57241e-09, 0.999068)
bones/4/rotation = Quaternion(-0.552426, -0.0632903, -0.657843, 0.507999)
bones/5/rotation = Quaternion(2.02649e-08, -3.47503e-08, -0.473667, 0.880704)
bones/7/rotation = Quaternion(-0.316525, -0.328604, 0.133238, 0.879818)
bones/8/rotation = Quaternion(0.00164567, 0.00164567, -0.701039, 0.713119)
bones/11/rotation = Quaternion(-0.611933, 0.0833538, 0.630525, 0.470136)
bones/12/rotation = Quaternion(-4.54011e-09, 4.71924e-08, 0.497863, 0.867255)
bones/14/rotation = Quaternion(-0.315077, 0.302605, -0.214918, 0.87348)
bones/15/rotation = Quaternion(0.00423169, 0.00498431, 0.702692, 0.711464)
bones/18/rotation = Quaternion(-5.80608e-11, -0.0313417, -1.88012e-09, 0.999509)
bones/21/rotation = Quaternion(0.991912, 0.0831407, 0.0767806, 0.0574682)
bones/22/rotation = Quaternion(0.317018, 6.17789e-08, -2.15897e-07, 0.94842)
bones/23/rotation = Quaternion(-0.580692, -0.205033, 0.0629648, 0.785362)
bones/25/rotation = Quaternion(0.99436, -0.0316054, 0.0305396, 0.0965257)
bones/26/rotation = Quaternion(0.37057, -6.09644e-08, 2.58695e-07, 0.928805)
bones/27/rotation = Quaternion(-0.610523, 0.113594, -0.0169493, 0.783627)
bones/30/position = Vector3(0.202182, 0.0259903, 0.205181)
bones/31/rotation = Quaternion(9.65792e-09, 1.77955e-09, 0.985719, -0.168398)
bones/32/rotation = Quaternion(-1.04035e-07, 0.391084, 0.920355, -2.9526e-08)
bones/38/rotation = Quaternion(-5.83589e-09, 6.43837e-10, 0.994809, 0.101756)
bones/39/rotation = Quaternion(-1.04035e-07, 0.391084, 0.920355, -2.95261e-08)
bones/44/position = Vector3(0.520841, 0.768083, -0.0576374)
bones/44/rotation = Quaternion(0.794627, -9.80973e-08, 0.607098, -8.14761e-08)
bones/46/position = Vector3(-0.510844, 0.768083, 0.0597369)
bones/46/rotation = Quaternion(-0.758253, -2.06327e-07, 0.651961, -2.6433e-08)

[node name="Spellbook" parent="Rig/Skeleton3D" index="0"]
transform = Transform3D(-1.60011e-07, 0.964832, 0.262863, -0.999842, 0.00465469, -0.0170842, -0.0177072, -0.262822, 0.964681, 0.577245, 0.610999, 0.236239)
bone_idx = 9

[node name="Spellbook_open" parent="Rig/Skeleton3D" index="1"]
transform = Transform3D(-1.60011e-07, 0.964832, 0.262863, -0.999842, 0.00465469, -0.0170842, -0.0177072, -0.262822, 0.964681, 0.545609, 0.613055, 0.120138)
bone_idx = 10

[node name="1H_Wand" parent="Rig/Skeleton3D" index="2"]
transform = Transform3D(-0.00299126, -0.162749, 0.986662, 0.999922, -0.0124122, 0.000983716, 0.0120868, 0.986589, 0.162774, -0.490951, 0.619597, 0.105032)
bone_idx = 16

[node name="2H_Staff" parent="Rig/Skeleton3D" index="3"]
transform = Transform3D(-0.00299126, -0.162749, 0.986662, 0.999922, -0.0124122, 0.000983716, 0.0120868, 0.986589, 0.162774, -0.490951, 0.619597, 0.105032)
bone_idx = 17

[node name="Mage_Hat" parent="Rig/Skeleton3D" index="4"]
transform = Transform3D(0.99972, -0.00612019, 0.0228409, 1.39341e-09, 0.965926, 0.258819, -0.0236466, -0.258747, 0.965656, -7.48419e-09, 1.75858, -1.02479e-07)
bone_idx = 19

[node name="Mage_Cape" parent="Rig/Skeleton3D" index="5"]
transform = Transform3D(0.996275, -5.14962e-09, 0.0862353, 5.13043e-09, 1, 4.44077e-10, -0.0862353, 1.8939e-15, 0.996275, -1.2997e-08, 1.19035, -1.01951e-07)
bone_idx = 20

[node name="AnimationTree" type="AnimationTree" parent="." index="2"]
tree_root = SubResource("AnimationNodeStateMachine_j74gj")
anim_player = NodePath("../AnimationPlayer")
