[gd_scene load_steps=5 format=3 uid="uid://dcbt3cxtuaj55"]

[ext_resource type="PackedScene" uid="uid://cir008aa6gc6b" path="res://assets/KayKit_Adventurers_1.0_FREE/Characters/gltf/Mage.glb" id="1_e8kfv"]

[sub_resource type="AnimationNodeAnimation" id="AnimationNodeAnimation_8x745"]
animation = &"Idle"

[sub_resource type="AnimationNodeStateMachineTransition" id="AnimationNodeStateMachineTransition_nyeqw"]
advance_mode = 2

[sub_resource type="AnimationNodeStateMachine" id="AnimationNodeStateMachine_j74gj"]
states/Idle/node = SubResource("AnimationNodeAnimation_8x745")
states/Idle/position = Vector2(411, 100)
transitions = ["Start", "Idle", SubResource("AnimationNodeStateMachineTransition_nyeqw")]

[node name="Mage" instance=ExtResource("1_e8kfv")]

[node name="Skeleton3D" parent="Rig" index="0"]
bones/1/position = Vector3(0, 0.391423, 0)
bones/1/rotation = Quaternion(-1.11123e-10, 0.0431578, 2.57241e-09, 0.999068)
bones/4/rotation = Quaternion(-0.559514, -0.0611148, -0.64505, 0.516835)
bones/5/rotation = Quaternion(2.6319e-08, -4.49993e-08, -0.492918, 0.870076)
bones/7/rotation = Quaternion(-0.320726, -0.325335, 0.144784, 0.877684)
bones/8/rotation = Quaternion(0.000152468, 0.000152444, -0.706547, 0.707666)
bones/11/rotation = Quaternion(-0.617932, 0.0809666, 0.618965, 0.478002)
bones/12/rotation = Quaternion(3.43349e-08, 4.02724e-08, 0.516219, 0.856457)
bones/14/rotation = Quaternion(-0.318963, 0.300437, -0.226403, 0.869909)
bones/15/rotation = Quaternion(0.000372606, 0.000438872, 0.70672, 0.707493)
bones/18/rotation = Quaternion(-5.80608e-11, -0.0313417, -1.88012e-09, 0.999509)
bones/21/rotation = Quaternion(0.99368, 0.0836511, 0.0736733, 0.0132362)
bones/22/rotation = Quaternion(0.201617, 6.36073e-08, -1.33396e-07, 0.979464)
bones/23/rotation = Quaternion(-0.520692, -0.209324, 0.0445609, 0.826485)
bones/25/rotation = Quaternion(0.99722, -0.0295467, 0.0314858, 0.0607366)
bones/26/rotation = Quaternion(0.278349, -6.38751e-08, 1.94459e-07, 0.96048)
bones/27/rotation = Quaternion(-0.561346, 0.114486, -0.00898667, 0.819575)
bones/28/rotation = Quaternion(3.04791e-08, 0.920355, -0.391084, -6.94849e-08)
bones/29/rotation = Quaternion(0.707107, -2.29302e-07, -4.60552e-08, 0.707107)
bones/30/position = Vector3(0.202182, 0.0259903, 0.205181)
bones/30/rotation = Quaternion(-0.707107, -7.05285e-08, -7.05285e-08, 0.707107)
bones/31/rotation = Quaternion(9.65792e-09, 1.77955e-09, 0.985719, -0.168398)
bones/32/rotation = Quaternion(-1.04035e-07, 0.391084, 0.920355, -2.9526e-08)
bones/34/rotation = Quaternion(1, -3.10863e-15, 1.94707e-07, -6.91739e-22)
bones/36/rotation = Quaternion(0.707107, -3.82385e-08, 1.45009e-07, 0.707107)
bones/37/rotation = Quaternion(-0.707107, -7.05285e-08, -7.05285e-08, 0.707107)
bones/38/rotation = Quaternion(-5.83589e-09, 6.43837e-10, 0.994809, 0.101756)
bones/39/rotation = Quaternion(-1.04035e-07, 0.391084, 0.920355, -2.95261e-08)
bones/44/position = Vector3(0.520841, 0.787126, -0.0576373)
bones/44/rotation = Quaternion(0.794627, -1.11759e-07, 0.607098, -5.96046e-08)
bones/46/position = Vector3(-0.510844, 0.787126, 0.0597369)
bones/46/rotation = Quaternion(-0.758253, -1.52737e-07, 0.651961, -1.11759e-08)

[node name="Spellbook" parent="Rig/Skeleton3D" index="0"]
transform = Transform3D(-9.77102e-07, 0.964832, 0.262864, -0.999998, 0.000430329, -0.00158217, -0.0016399, -0.262864, 0.964831, 0.5776, 0.634838, 0.237742)
bone_idx = 9

[node name="Spellbook_open" parent="Rig/Skeleton3D" index="1"]
transform = Transform3D(-9.77102e-07, 0.964832, 0.262864, -0.999998, 0.000430329, -0.00158217, -0.0016399, -0.262864, 0.964831, 0.545964, 0.635029, 0.121623)
bone_idx = 10

[node name="1H_Wand" parent="Rig/Skeleton3D" index="2"]
transform = Transform3D(-0.000258349, -0.151029, 0.988528, 0.999998, -0.00109222, 9.41059e-05, 0.00106583, 0.988528, 0.15103, -0.491063, 0.639562, 0.106467)
bone_idx = 16

[node name="2H_Staff" parent="Rig/Skeleton3D" index="3"]
transform = Transform3D(-0.000258349, -0.151029, 0.988528, 0.999998, -0.00109222, 9.41059e-05, 0.00106583, 0.988528, 0.15103, -0.491063, 0.639562, 0.106467)
bone_idx = 17

[node name="Mage_Hat" parent="Rig/Skeleton3D" index="4"]
transform = Transform3D(0.99972, -0.00612019, 0.0228409, 1.39341e-09, 0.965926, 0.258819, -0.0236466, -0.258747, 0.965656, -7.48419e-09, 1.76986, -1.02479e-07)
bone_idx = 19

[node name="Mage_Cape" parent="Rig/Skeleton3D" index="5"]
transform = Transform3D(0.996275, -5.14962e-09, 0.0862353, 5.13043e-09, 1, 4.44077e-10, -0.0862353, 1.8939e-15, 0.996275, -1.2997e-08, 1.20163, -1.01951e-07)
bone_idx = 20

[node name="AnimationTree" type="AnimationTree" parent="." index="2"]
tree_root = SubResource("AnimationNodeStateMachine_j74gj")
anim_player = NodePath("../AnimationPlayer")
active = true
