[gd_scene load_steps=30 format=3 uid="uid://csqg2v0p2s8yw"]

[ext_resource type="PackedScene" uid="uid://db0337ymkwxhu" path="res://assets/KayKit_Adventurers_1.0_FREE/Characters/gltf/Rogue_Hooded.glb" id="1_t2hke"]
[ext_resource type="Script" path="res://player/rogue_hooded.gd" id="2_8mqn1"]
[ext_resource type="PackedScene" uid="uid://cxcn28m8cf2ck" path="res://player/camera_rig.tscn" id="3_nk77k"]

[sub_resource type="CapsuleShape3D" id="CapsuleShape3D_4w0rq"]
height = 2.4

[sub_resource type="AnimationNodeAnimation" id="AnimationNodeAnimation_0y6pn"]
animation = &"2H_Ranged_Aiming"

[sub_resource type="AnimationNodeAnimation" id="AnimationNodeAnimation_qkqfv"]
animation = &"2H_Ranged_Reload"

[sub_resource type="AnimationNodeAnimation" id="AnimationNodeAnimation_fhjde"]
animation = &"2H_Ranged_Shoot"

[sub_resource type="AnimationNodeAnimation" id="AnimationNodeAnimation_ie1x6"]
animation = &"2H_Ranged_Shooting"

[sub_resource type="AnimationNodeAnimation" id="AnimationNodeAnimation_xwdw8"]
animation = &"Death_A"

[sub_resource type="AnimationNodeAnimation" id="AnimationNodeAnimation_evips"]
animation = &"Idle"

[sub_resource type="AnimationNodeAnimation" id="AnimationNodeAnimation_ncn1i"]
animation = &"Running_A"

[sub_resource type="AnimationNodeAnimation" id="AnimationNodeAnimation_an6yn"]
animation = &"Running_B"

[sub_resource type="AnimationNodeAnimation" id="AnimationNodeAnimation_trie0"]
animation = &"Running_Strafe_Left"

[sub_resource type="AnimationNodeAnimation" id="AnimationNodeAnimation_gn6c2"]
animation = &"Running_Strafe_Right"

[sub_resource type="AnimationNodeBlendSpace2D" id="AnimationNodeBlendSpace2D_efsyh"]
blend_point_0/node = SubResource("AnimationNodeAnimation_evips")
blend_point_0/pos = Vector2(0, 0)
blend_point_1/node = SubResource("AnimationNodeAnimation_ncn1i")
blend_point_1/pos = Vector2(0, 1)
blend_point_2/node = SubResource("AnimationNodeAnimation_an6yn")
blend_point_2/pos = Vector2(0, -1)
blend_point_3/node = SubResource("AnimationNodeAnimation_trie0")
blend_point_3/pos = Vector2(-1, 0)
blend_point_4/node = SubResource("AnimationNodeAnimation_gn6c2")
blend_point_4/pos = Vector2(1, 0)

[sub_resource type="AnimationNodeAnimation" id="AnimationNodeAnimation_oq3dv"]
animation = &"Interact"

[sub_resource type="AnimationNodeStateMachineTransition" id="AnimationNodeStateMachineTransition_4dw7a"]
xfade_time = 0.1
advance_mode = 2

[sub_resource type="AnimationNodeStateMachineTransition" id="AnimationNodeStateMachineTransition_e05m0"]
switch_mode = 2
advance_mode = 2

[sub_resource type="AnimationNodeStateMachineTransition" id="AnimationNodeStateMachineTransition_i5qlx"]

[sub_resource type="AnimationNodeStateMachineTransition" id="AnimationNodeStateMachineTransition_oi4nx"]

[sub_resource type="AnimationNodeStateMachineTransition" id="AnimationNodeStateMachineTransition_ldrdl"]

[sub_resource type="AnimationNodeStateMachineTransition" id="AnimationNodeStateMachineTransition_hxdq2"]
switch_mode = 2
advance_mode = 2

[sub_resource type="AnimationNodeStateMachineTransition" id="AnimationNodeStateMachineTransition_f07wg"]

[sub_resource type="AnimationNodeStateMachineTransition" id="AnimationNodeStateMachineTransition_c6yaa"]

[sub_resource type="AnimationNodeStateMachineTransition" id="AnimationNodeStateMachineTransition_a7tse"]

[sub_resource type="AnimationNodeStateMachineTransition" id="AnimationNodeStateMachineTransition_fl8cr"]
switch_mode = 2
advance_mode = 2

[sub_resource type="AnimationNodeStateMachineTransition" id="AnimationNodeStateMachineTransition_dd5rs"]
switch_mode = 2
advance_mode = 2

[sub_resource type="AnimationNodeStateMachineTransition" id="AnimationNodeStateMachineTransition_oilyn"]
switch_mode = 2
advance_mode = 2

[sub_resource type="AnimationNodeStateMachine" id="AnimationNodeStateMachine_0gil4"]
states/2H_Ranged_Aiming/node = SubResource("AnimationNodeAnimation_0y6pn")
states/2H_Ranged_Aiming/position = Vector2(257, -41)
states/2H_Ranged_Reload/node = SubResource("AnimationNodeAnimation_qkqfv")
states/2H_Ranged_Reload/position = Vector2(444, -41)
states/2H_Ranged_Shoot/node = SubResource("AnimationNodeAnimation_fhjde")
states/2H_Ranged_Shoot/position = Vector2(632, -41)
states/2H_Ranged_Shooting/node = SubResource("AnimationNodeAnimation_ie1x6")
states/2H_Ranged_Shooting/position = Vector2(828, -41)
states/Death_A/node = SubResource("AnimationNodeAnimation_xwdw8")
states/Death_A/position = Vector2(828, 58)
states/End/position = Vector2(993, 111)
states/IWR/node = SubResource("AnimationNodeBlendSpace2D_efsyh")
states/IWR/position = Vector2(600, 100)
states/Interact/node = SubResource("AnimationNodeAnimation_oq3dv")
states/Interact/position = Vector2(444, 46)
transitions = ["Start", "IWR", SubResource("AnimationNodeStateMachineTransition_4dw7a"), "Interact", "IWR", SubResource("AnimationNodeStateMachineTransition_e05m0"), "IWR", "Interact", SubResource("AnimationNodeStateMachineTransition_i5qlx"), "IWR", "Death_A", SubResource("AnimationNodeStateMachineTransition_oi4nx"), "IWR", "2H_Ranged_Shooting", SubResource("AnimationNodeStateMachineTransition_ldrdl"), "2H_Ranged_Shooting", "IWR", SubResource("AnimationNodeStateMachineTransition_hxdq2"), "IWR", "2H_Ranged_Shoot", SubResource("AnimationNodeStateMachineTransition_f07wg"), "IWR", "2H_Ranged_Reload", SubResource("AnimationNodeStateMachineTransition_c6yaa"), "IWR", "2H_Ranged_Aiming", SubResource("AnimationNodeStateMachineTransition_a7tse"), "2H_Ranged_Aiming", "IWR", SubResource("AnimationNodeStateMachineTransition_fl8cr"), "2H_Ranged_Reload", "IWR", SubResource("AnimationNodeStateMachineTransition_dd5rs"), "2H_Ranged_Shoot", "IWR", SubResource("AnimationNodeStateMachineTransition_oilyn")]
graph_offset = Vector2(-201, -108)

[node name="Rogue_Hooded" instance=ExtResource("1_t2hke")]
script = ExtResource("2_8mqn1")

[node name="Skeleton3D" parent="Rig" index="0"]
transform = Transform3D(-1, 0, -8.74228e-08, 0, 1, 0, 8.74228e-08, 0, -1, 0, 0, 0)
bones/0/position = Vector3(0, 9.24788e-05, 0)
bones/0/rotation = Quaternion(-3.49422e-11, 0.0010155, 6.05216e-11, 1)
bones/1/position = Vector3(-1.40105e-18, 0.383353, 1.36249e-18)
bones/1/rotation = Quaternion(0.000387907, 0.0429676, -0.000151781, 0.999076)
bones/2/rotation = Quaternion(0.000501556, 0.000189317, 6.59454e-05, 1)
bones/3/rotation = Quaternion(0.000196561, -0.000290537, 0.000199206, 1)
bones/4/position = Vector3(0.212003, 0.134091, -0.000200389)
bones/4/rotation = Quaternion(-0.554845, -0.0642216, -0.656398, 0.507114)
bones/5/rotation = Quaternion(2.74226e-08, -6.38023e-08, -0.47443, 0.880293)
bones/7/rotation = Quaternion(-0.315744, -0.327407, 0.133503, 0.880504)
bones/8/rotation = Quaternion(0.00141147, 0.00182791, -0.700427, 0.713721)
bones/10/position = Vector3(-0.211906, 0.134042, -0.000174289)
bones/10/rotation = Quaternion(-0.614118, 0.0840066, 0.628715, 0.469595)
bones/11/rotation = Quaternion(-3.95301e-09, 5.98415e-08, 0.497541, 0.867441)
bones/13/rotation = Quaternion(-0.314453, 0.302014, -0.213748, 0.874196)
bones/14/rotation = Quaternion(0.00354265, 0.00463405, 0.702097, 0.712058)
bones/19/rotation = Quaternion(-0.000557281, -0.031641, 0.000137331, 0.999499)
bones/21/position = Vector3(0.170945, 0.113587, 0.000341826)
bones/21/rotation = Quaternion(0.992448, 0.0827662, 0.0759768, 0.0492311)
bones/22/rotation = Quaternion(0.291091, 6.51428e-08, -2.04508e-07, 0.956695)
bones/23/rotation = Quaternion(-0.567466, -0.205348, 0.0583407, 0.795243)
bones/24/rotation = Quaternion(-3.05009e-08, 0.920355, -0.391084, 6.94933e-08)
bones/25/position = Vector3(-0.170945, 0.113587, -0.000341798)
bones/25/rotation = Quaternion(0.99518, -0.0309099, 0.0306203, 0.0878853)
bones/26/rotation = Quaternion(0.350135, -6.23054e-08, 2.43055e-07, 0.936699)
bones/27/rotation = Quaternion(-0.597337, 0.113304, -0.0151341, 0.793802)
bones/28/rotation = Quaternion(3.04666e-08, 0.920355, -0.391084, -6.949e-08)
bones/29/position = Vector3(0.170945, 0.292352, 0.575854)
bones/29/rotation = Quaternion(0.707107, -2.29302e-07, -4.60551e-08, 0.707107)
bones/30/position = Vector3(0.202054, 0.0270191, 0.206603)
bones/30/rotation = Quaternion(-0.70813, -7.04237e-08, -7.06388e-08, 0.706082)
bones/31/rotation = Quaternion(9.61862e-09, 1.77231e-09, 0.985836, -0.167712)
bones/32/rotation = Quaternion(-1.04035e-07, 0.391084, 0.920355, -2.9526e-08)
bones/34/rotation = Quaternion(1, -2.81175e-11, 1.94709e-07, 3.61211e-12)
bones/36/position = Vector3(-0.170945, 0.292352, 0.575854)
bones/36/rotation = Quaternion(0.707107, -3.82385e-08, 1.45009e-07, 0.707107)
bones/37/position = Vector3(-0.170945, 0.0264272, 0.242909)
bones/37/rotation = Quaternion(-0.70426, -7.08312e-08, -7.02061e-08, 0.709942)
bones/38/rotation = Quaternion(-5.79801e-09, 6.39775e-10, 0.994852, 0.10134)
bones/39/rotation = Quaternion(-1.04035e-07, 0.391084, 0.920355, -2.95261e-08)
bones/41/rotation = Quaternion(1, 4.44086e-16, 1.94707e-07, 6.90238e-22)
bones/43/position = Vector3(0.454738, 1.10555, -0.58787)
bones/43/rotation = Quaternion(-0.707107, -0.000239401, -0.000239401, 0.707107)
bones/44/position = Vector3(0.520563, 0.771411, -0.0561128)
bones/44/rotation = Quaternion(0.795294, 0.00210075, 0.60622, 0.000720025)
bones/45/position = Vector3(-0.453031, 1.10594, -0.589472)
bones/45/rotation = Quaternion(-0.707107, -0.000239401, -0.000239401, 0.707107)
bones/46/position = Vector3(-0.510859, 0.771411, 0.0596921)
bones/46/rotation = Quaternion(-0.759378, 0.00166667, 0.650648, 3.91043e-05)

[node name="Knife_Offhand" parent="Rig/Skeleton3D" index="0"]
transform = Transform3D(-0.00249504, 0.264146, 0.964479, 0.999856, -0.0154745, 0.00682511, 0.016728, 0.964358, -0.264069, 0.50803, 0.61925, -0.0195428)
visible = false
bone_idx = 9

[node name="1H_Crossbow" parent="Rig/Skeleton3D" index="1"]
transform = Transform3D(0.986675, -0.162696, 0.001031, -0.000651129, -0.0102838, -0.999946, 0.162698, 0.986622, -0.010253, -0.490109, 0.727797, 0.0969998)
visible = false
bone_idx = 15

[node name="2H_Crossbow" parent="Rig/Skeleton3D" index="2"]
transform = Transform3D(0.986675, -0.162696, 0.001031, -0.000651129, -0.0102838, -0.999946, 0.162698, 0.986622, -0.010253, -0.490109, 0.727797, 0.0969998)
bone_idx = 16

[node name="RayCast3D" type="RayCast3D" parent="Rig/Skeleton3D/2H_Crossbow/2H_Crossbow" index="0"]
transform = Transform3D(1, 0.000316188, -0.000696301, -0.000322744, 0.999947, -0.0103536, 0.000693118, 0.0103538, 0.999947, 0.00318882, -0.00222915, 1.04096)
target_position = Vector3(0, 0, -1)

[node name="Knife" parent="Rig/Skeleton3D" index="3"]
transform = Transform3D(-0.00103099, -0.162695, 0.986675, 0.999946, -0.0102837, -0.000651108, 0.0102528, 0.986622, 0.162697, -0.491686, 0.623068, 0.106147)
visible = false
bone_idx = 17

[node name="Throwable" parent="Rig/Skeleton3D" index="4"]
transform = Transform3D(-0.00103098, -0.162695, 0.986675, 0.999946, -0.0102836, -0.000651123, 0.0102528, 0.986622, 0.162697, -0.521012, 0.621214, 0.283982)
visible = false
bone_idx = 18

[node name="Rogue_Cape" parent="Rig/Skeleton3D" index="5"]
transform = Transform3D(0.996149, -6.71604e-05, 0.087677, 0.000259689, 0.999997, -0.00218448, -0.0876767, 0.00219884, 0.996147, 0.000159252, 1.19365, 0.00134557)
bone_idx = 20

[node name="CollisionShape3D" type="CollisionShape3D" parent="." index="2"]
transform = Transform3D(1, 0, 0, 0, 1, 0, 0, 0, 1, 0, 1.2, 0)
shape = SubResource("CapsuleShape3D_4w0rq")

[node name="camera_point" type="Node3D" parent="." index="3"]
transform = Transform3D(1, 0, 0, 0, 0.308105, 0.951353, 0, -0.951353, 0.308105, 0, 13.4146, 4.93459)

[node name="AnimationTree" type="AnimationTree" parent="." index="4"]
tree_root = SubResource("AnimationNodeStateMachine_0gil4")
anim_player = NodePath("../AnimationPlayer")
active = true
parameters/IWR/blend_position = Vector2(-0.00193924, 0.00216913)

[node name="camera_rig" parent="." index="5" instance=ExtResource("3_nk77k")]
transform = Transform3D(1, 0, 0, 0, 0.308105, 0.951353, 0, -0.951353, 0.308105, 0, 13.4146, 4.93459)
