[gd_scene load_steps=30 format=3 uid="uid://csqg2v0p2s8yw"]

[ext_resource type="PackedScene" uid="uid://db0337ymkwxhu" path="res://assets/KayKit_Adventurers_1.0_FREE/Characters/gltf/Rogue_Hooded.glb" id="1_t2hke"]
[ext_resource type="Script" path="res://player/rogue_hooded.gd" id="2_8mqn1"]
[ext_resource type="PackedScene" uid="uid://cxcn28m8cf2ck" path="res://player/camera_rig.tscn" id="3_nk77k"]

[sub_resource type="CapsuleShape3D" id="CapsuleShape3D_4w0rq"]
height = 2.4

[sub_resource type="AnimationNodeAnimation" id="AnimationNodeAnimation_0y6pn"]
animation = &"2H_Ranged_Aiming"

[sub_resource type="AnimationNodeAnimation" id="AnimationNodeAnimation_qkqfv"]
animation = &"2H_Ranged_Reload"

[sub_resource type="AnimationNodeAnimation" id="AnimationNodeAnimation_fhjde"]
animation = &"2H_Ranged_Shoot"

[sub_resource type="AnimationNodeAnimation" id="AnimationNodeAnimation_ie1x6"]
animation = &"2H_Ranged_Shooting"

[sub_resource type="AnimationNodeAnimation" id="AnimationNodeAnimation_xwdw8"]
animation = &"Death_A"

[sub_resource type="AnimationNodeAnimation" id="AnimationNodeAnimation_evips"]
animation = &"Idle"

[sub_resource type="AnimationNodeAnimation" id="AnimationNodeAnimation_ncn1i"]
animation = &"Running_A"

[sub_resource type="AnimationNodeAnimation" id="AnimationNodeAnimation_an6yn"]
animation = &"Running_B"

[sub_resource type="AnimationNodeAnimation" id="AnimationNodeAnimation_trie0"]
animation = &"Running_Strafe_Left"

[sub_resource type="AnimationNodeAnimation" id="AnimationNodeAnimation_gn6c2"]
animation = &"Running_Strafe_Right"

[sub_resource type="AnimationNodeBlendSpace2D" id="AnimationNodeBlendSpace2D_efsyh"]
blend_point_0/node = SubResource("AnimationNodeAnimation_evips")
blend_point_0/pos = Vector2(0, 0)
blend_point_1/node = SubResource("AnimationNodeAnimation_ncn1i")
blend_point_1/pos = Vector2(0, 1)
blend_point_2/node = SubResource("AnimationNodeAnimation_an6yn")
blend_point_2/pos = Vector2(0, -1)
blend_point_3/node = SubResource("AnimationNodeAnimation_trie0")
blend_point_3/pos = Vector2(-1, 0)
blend_point_4/node = SubResource("AnimationNodeAnimation_gn6c2")
blend_point_4/pos = Vector2(1, 0)

[sub_resource type="AnimationNodeAnimation" id="AnimationNodeAnimation_oq3dv"]
animation = &"Interact"

[sub_resource type="AnimationNodeStateMachineTransition" id="AnimationNodeStateMachineTransition_4dw7a"]
xfade_time = 0.1
advance_mode = 2

[sub_resource type="AnimationNodeStateMachineTransition" id="AnimationNodeStateMachineTransition_e05m0"]
switch_mode = 2
advance_mode = 2

[sub_resource type="AnimationNodeStateMachineTransition" id="AnimationNodeStateMachineTransition_i5qlx"]

[sub_resource type="AnimationNodeStateMachineTransition" id="AnimationNodeStateMachineTransition_oi4nx"]

[sub_resource type="AnimationNodeStateMachineTransition" id="AnimationNodeStateMachineTransition_f07wg"]

[sub_resource type="AnimationNodeStateMachineTransition" id="AnimationNodeStateMachineTransition_c6yaa"]

[sub_resource type="AnimationNodeStateMachineTransition" id="AnimationNodeStateMachineTransition_a7tse"]

[sub_resource type="AnimationNodeStateMachineTransition" id="AnimationNodeStateMachineTransition_fl8cr"]
switch_mode = 2
advance_mode = 2

[sub_resource type="AnimationNodeStateMachineTransition" id="AnimationNodeStateMachineTransition_dd5rs"]
switch_mode = 2
advance_mode = 2

[sub_resource type="AnimationNodeStateMachineTransition" id="AnimationNodeStateMachineTransition_oilyn"]
switch_mode = 2
advance_mode = 2

[sub_resource type="AnimationNodeStateMachineTransition" id="AnimationNodeStateMachineTransition_ybxcs"]
xfade_time = 0.2
switch_mode = 1
advance_mode = 2
advance_condition = &"run"

[sub_resource type="AnimationNodeStateMachineTransition" id="AnimationNodeStateMachineTransition_5yshe"]

[sub_resource type="AnimationNodeStateMachine" id="AnimationNodeStateMachine_0gil4"]
states/2H_Ranged_Aiming/node = SubResource("AnimationNodeAnimation_0y6pn")
states/2H_Ranged_Aiming/position = Vector2(257, -41)
states/2H_Ranged_Reload/node = SubResource("AnimationNodeAnimation_qkqfv")
states/2H_Ranged_Reload/position = Vector2(444, -41)
states/2H_Ranged_Shoot/node = SubResource("AnimationNodeAnimation_fhjde")
states/2H_Ranged_Shoot/position = Vector2(632, -41)
states/2H_Ranged_Shooting/node = SubResource("AnimationNodeAnimation_ie1x6")
states/2H_Ranged_Shooting/position = Vector2(1111, -97)
states/Death_A/node = SubResource("AnimationNodeAnimation_xwdw8")
states/Death_A/position = Vector2(881, 97)
states/End/position = Vector2(993, 111)
states/IWR/node = SubResource("AnimationNodeBlendSpace2D_efsyh")
states/IWR/position = Vector2(558, 146)
states/Interact/node = SubResource("AnimationNodeAnimation_oq3dv")
states/Interact/position = Vector2(77, 74)
states/Start/position = Vector2(-131, 134)
transitions = ["Start", "IWR", SubResource("AnimationNodeStateMachineTransition_4dw7a"), "Interact", "IWR", SubResource("AnimationNodeStateMachineTransition_e05m0"), "IWR", "Interact", SubResource("AnimationNodeStateMachineTransition_i5qlx"), "IWR", "Death_A", SubResource("AnimationNodeStateMachineTransition_oi4nx"), "IWR", "2H_Ranged_Shoot", SubResource("AnimationNodeStateMachineTransition_f07wg"), "IWR", "2H_Ranged_Reload", SubResource("AnimationNodeStateMachineTransition_c6yaa"), "IWR", "2H_Ranged_Aiming", SubResource("AnimationNodeStateMachineTransition_a7tse"), "2H_Ranged_Aiming", "IWR", SubResource("AnimationNodeStateMachineTransition_fl8cr"), "2H_Ranged_Reload", "IWR", SubResource("AnimationNodeStateMachineTransition_dd5rs"), "2H_Ranged_Shoot", "IWR", SubResource("AnimationNodeStateMachineTransition_oilyn"), "2H_Ranged_Shooting", "IWR", SubResource("AnimationNodeStateMachineTransition_ybxcs"), "IWR", "2H_Ranged_Shooting", SubResource("AnimationNodeStateMachineTransition_5yshe")]
graph_offset = Vector2(-128, -144)

[node name="Rogue_Hooded" instance=ExtResource("1_t2hke")]
script = ExtResource("2_8mqn1")

[node name="Skeleton3D" parent="Rig" index="0"]
transform = Transform3D(-1, 0, -8.74228e-08, 0, 1, 0, 8.74228e-08, 0, -1, 0, 0, 0)
bones/0/position = Vector3(0, 0.000105079, 0)
bones/0/rotation = Quaternion(-3.49422e-11, 0.0010155, 6.05216e-11, 1)
bones/1/position = Vector3(-3.44478e-18, 0.379339, -8.213e-25)
bones/1/rotation = Quaternion(0.000387907, 0.0429676, -0.000151781, 0.999076)
bones/2/rotation = Quaternion(0.000501223, 0.00021193, 6.42381e-05, 1)
bones/3/rotation = Quaternion(0.000195031, -0.000289798, 0.000202976, 1)
bones/4/position = Vector3(0.212006, 0.134093, -0.000201325)
bones/4/rotation = Quaternion(-0.55658, -0.058623, -0.637935, 0.528981)
bones/5/rotation = Quaternion(2.52539e-08, -5.43149e-08, -0.511094, 0.859525)
bones/7/rotation = Quaternion(-0.320636, -0.333543, 0.149345, 0.873863)
bones/8/rotation = Quaternion(0.000251603, 0.000669484, -0.704714, 0.709491)
bones/10/position = Vector3(-0.211903, 0.134041, -0.000173353)
bones/10/rotation = Quaternion(-0.614848, 0.0786525, 0.612677, 0.490309)
bones/11/rotation = Quaternion(1.40932e-08, 6.13145e-08, 0.532598, 0.846368)
bones/13/rotation = Quaternion(-0.319617, 0.310105, -0.229922, 0.865341)
bones/14/rotation = Quaternion(0.00109925, 0.00174792, 0.704656, 0.709546)
bones/19/rotation = Quaternion(-0.000557192, -0.0316726, 0.00013924, 0.999498)
bones/21/position = Vector3(0.170945, 0.113587, 0.000396794)
bones/21/rotation = Quaternion(0.99165, 0.0827932, 0.0768652, 0.0621872)
bones/22/rotation = Quaternion(0.324484, 5.96262e-08, -2.24429e-07, 0.945891)
bones/23/rotation = Quaternion(-0.584917, -0.203841, 0.0639803, 0.78245)
bones/24/rotation = Quaternion(-3.05039e-08, 0.920355, -0.391084, 6.94985e-08)
bones/25/position = Vector3(-0.170945, 0.113587, -0.000396766)
bones/25/rotation = Quaternion(0.994134, -0.0315878, 0.030321, 0.0988943)
bones/26/rotation = Quaternion(0.378578, -6.08954e-08, 2.64554e-07, 0.925569)
bones/27/rotation = Quaternion(-0.612592, 0.112941, -0.0176972, 0.782089)
bones/28/rotation = Quaternion(3.04669e-08, 0.920355, -0.391084, -6.94899e-08)
bones/29/position = Vector3(0.170945, 0.292319, 0.575821)
bones/29/rotation = Quaternion(0.707107, -2.29302e-07, -4.60551e-08, 0.707107)
bones/30/position = Vector3(0.202054, 0.0272588, 0.206759)
bones/30/rotation = Quaternion(-0.708359, -7.03919e-08, -7.06677e-08, 0.705852)
bones/31/rotation = Quaternion(9.61862e-09, 1.77231e-09, 0.985836, -0.167712)
bones/32/rotation = Quaternion(-1.04035e-07, 0.391084, 0.920355, -2.9526e-08)
bones/34/rotation = Quaternion(1, -2.81175e-11, 1.94709e-07, 3.61211e-12)
bones/36/position = Vector3(-0.170945, 0.292319, 0.575821)
bones/36/rotation = Quaternion(0.707107, -3.82385e-08, 1.45009e-07, 0.707107)
bones/37/position = Vector3(-0.170945, 0.026448, 0.242836)
bones/37/rotation = Quaternion(-0.704236, -7.08338e-08, -7.02029e-08, 0.709966)
bones/38/rotation = Quaternion(-5.79801e-09, 6.39775e-10, 0.994852, 0.10134)
bones/39/rotation = Quaternion(-1.04035e-07, 0.391084, 0.920355, -2.95261e-08)
bones/41/rotation = Quaternion(1, 4.44086e-16, 1.94707e-07, 6.90238e-22)
bones/43/position = Vector3(0.454738, 1.10555, -0.58787)
bones/43/rotation = Quaternion(-0.707107, -0.000239401, -0.000239401, 0.707107)
bones/44/position = Vector3(0.520563, 0.782268, -0.0561269)
bones/44/rotation = Quaternion(0.795282, 0.00208617, 0.606236, 0.000715555)
bones/45/position = Vector3(-0.453031, 1.10594, -0.589472)
bones/45/rotation = Quaternion(-0.707107, -0.000239401, -0.000239401, 0.707107)
bones/46/position = Vector3(-0.510859, 0.782268, 0.059678)
bones/46/rotation = Quaternion(-0.759365, 0.00165239, 0.650663, 4.44144e-05)

[node name="Knife_Offhand" parent="Rig/Skeleton3D" index="0"]
transform = Transform3D(-0.00261751, 0.264057, 0.964503, 0.999987, -0.00337103, 0.00363696, 0.00421194, 0.964501, -0.264045, 0.508136, 0.631271, -0.017023)
visible = false
bone_idx = 9

[node name="1H_Crossbow" parent="Rig/Skeleton3D" index="1"]
transform = Transform3D(0.98787, -0.155279, -0.000854601, -0.00134246, -0.00303533, -0.999994, 0.155276, 0.987865, -0.00320733, -0.489654, 0.740187, 0.0987678)
visible = false
bone_idx = 15

[node name="2H_Crossbow" parent="Rig/Skeleton3D" index="2"]
transform = Transform3D(0.98787, -0.155279, -0.000854601, -0.00134246, -0.00303533, -0.999994, 0.155276, 0.987865, -0.00320733, -0.489654, 0.740187, 0.0987678)
bone_idx = 16

[node name="Knife" parent="Rig/Skeleton3D" index="3"]
transform = Transform3D(0.000854606, -0.155279, 0.98787, 0.999994, -0.00303518, -0.00134245, 0.00320719, 0.987865, 0.155276, -0.491352, 0.635528, 0.108665)
visible = false
bone_idx = 17

[node name="Throwable" parent="Rig/Skeleton3D" index="4"]
transform = Transform3D(0.000854622, -0.155279, 0.98787, 0.999994, -0.00303517, -0.00134246, 0.00320717, 0.987865, 0.155276, -0.519341, 0.63498, 0.286724)
visible = false
bone_idx = 18

[node name="Rogue_Cape" parent="Rig/Skeleton3D" index="5"]
transform = Transform3D(0.996145, -7.15533e-05, 0.0877235, 0.000263875, 0.999997, -0.00218077, -0.0877232, 0.00219551, 0.996142, 0.000159446, 1.18965, 0.0013444)
bone_idx = 20

[node name="RayCast3D" type="RayCast3D" parent="Rig" index="1"]
transform = Transform3D(-0.999836, -0.00268208, -0.0178738, -0.00272379, 0.999994, 0.00233744, 0.0178671, 0.0023857, -0.999838, 0.407101, 0.974662, -0.972444)
target_position = Vector3(0, 0, -1)

[node name="CollisionShape3D" type="CollisionShape3D" parent="." index="2"]
transform = Transform3D(1, 0, 0, 0, 1, 0, 0, 0, 1, 0, 1.2, 0)
shape = SubResource("CapsuleShape3D_4w0rq")

[node name="camera_point" type="Node3D" parent="." index="3"]
transform = Transform3D(1, 0, 0, 0, 0.308105, 0.951353, 0, -0.951353, 0.308105, 0, 13.4146, 4.93459)

[node name="AnimationTree" type="AnimationTree" parent="." index="4"]
tree_root = SubResource("AnimationNodeStateMachine_0gil4")
anim_player = NodePath("../AnimationPlayer")
active = true
parameters/conditions/run = false
parameters/IWR/blend_position = Vector2(-0.00193924, 0.00216913)

[node name="camera_rig" parent="." index="5" instance=ExtResource("3_nk77k")]
transform = Transform3D(1, 0, 0, 0, 0.308105, 0.951353, 0, -0.951353, 0.308105, 0, 13.4146, 4.93459)
