[gd_scene load_steps=30 format=3 uid="uid://csqg2v0p2s8yw"]

[ext_resource type="PackedScene" uid="uid://db0337ymkwxhu" path="res://assets/KayKit_Adventurers_1.0_FREE/Characters/gltf/Rogue_Hooded.glb" id="1_t2hke"]
[ext_resource type="Script" path="res://player/rogue_hooded.gd" id="2_8mqn1"]
[ext_resource type="PackedScene" uid="uid://cxcn28m8cf2ck" path="res://player/camera_rig.tscn" id="3_nk77k"]

[sub_resource type="CapsuleShape3D" id="CapsuleShape3D_4w0rq"]
height = 2.4

[sub_resource type="AnimationNodeAnimation" id="AnimationNodeAnimation_0y6pn"]
animation = &"2H_Ranged_Aiming"

[sub_resource type="AnimationNodeAnimation" id="AnimationNodeAnimation_qkqfv"]
animation = &"2H_Ranged_Reload"

[sub_resource type="AnimationNodeAnimation" id="AnimationNodeAnimation_fhjde"]
animation = &"2H_Ranged_Shoot"

[sub_resource type="AnimationNodeAnimation" id="AnimationNodeAnimation_ie1x6"]
animation = &"2H_Ranged_Shooting"

[sub_resource type="AnimationNodeAnimation" id="AnimationNodeAnimation_xwdw8"]
animation = &"Death_A"

[sub_resource type="AnimationNodeAnimation" id="AnimationNodeAnimation_evips"]
animation = &"Idle"

[sub_resource type="AnimationNodeAnimation" id="AnimationNodeAnimation_ncn1i"]
animation = &"Running_A"

[sub_resource type="AnimationNodeAnimation" id="AnimationNodeAnimation_an6yn"]
animation = &"Running_B"

[sub_resource type="AnimationNodeAnimation" id="AnimationNodeAnimation_trie0"]
animation = &"Running_Strafe_Left"

[sub_resource type="AnimationNodeAnimation" id="AnimationNodeAnimation_gn6c2"]
animation = &"Running_Strafe_Right"

[sub_resource type="AnimationNodeBlendSpace2D" id="AnimationNodeBlendSpace2D_efsyh"]
blend_point_0/node = SubResource("AnimationNodeAnimation_evips")
blend_point_0/pos = Vector2(0, 0)
blend_point_1/node = SubResource("AnimationNodeAnimation_ncn1i")
blend_point_1/pos = Vector2(0, 1)
blend_point_2/node = SubResource("AnimationNodeAnimation_an6yn")
blend_point_2/pos = Vector2(0, -1)
blend_point_3/node = SubResource("AnimationNodeAnimation_trie0")
blend_point_3/pos = Vector2(-1, 0)
blend_point_4/node = SubResource("AnimationNodeAnimation_gn6c2")
blend_point_4/pos = Vector2(1, 0)

[sub_resource type="AnimationNodeAnimation" id="AnimationNodeAnimation_oq3dv"]
animation = &"Interact"

[sub_resource type="AnimationNodeStateMachineTransition" id="AnimationNodeStateMachineTransition_4dw7a"]
xfade_time = 0.1
advance_mode = 2

[sub_resource type="AnimationNodeStateMachineTransition" id="AnimationNodeStateMachineTransition_e05m0"]
switch_mode = 2
advance_mode = 2

[sub_resource type="AnimationNodeStateMachineTransition" id="AnimationNodeStateMachineTransition_i5qlx"]

[sub_resource type="AnimationNodeStateMachineTransition" id="AnimationNodeStateMachineTransition_oi4nx"]

[sub_resource type="AnimationNodeStateMachineTransition" id="AnimationNodeStateMachineTransition_ldrdl"]

[sub_resource type="AnimationNodeStateMachineTransition" id="AnimationNodeStateMachineTransition_hxdq2"]
switch_mode = 2
advance_mode = 2

[sub_resource type="AnimationNodeStateMachineTransition" id="AnimationNodeStateMachineTransition_f07wg"]

[sub_resource type="AnimationNodeStateMachineTransition" id="AnimationNodeStateMachineTransition_c6yaa"]

[sub_resource type="AnimationNodeStateMachineTransition" id="AnimationNodeStateMachineTransition_a7tse"]

[sub_resource type="AnimationNodeStateMachineTransition" id="AnimationNodeStateMachineTransition_fl8cr"]
switch_mode = 2
advance_mode = 2

[sub_resource type="AnimationNodeStateMachineTransition" id="AnimationNodeStateMachineTransition_dd5rs"]
switch_mode = 2
advance_mode = 2

[sub_resource type="AnimationNodeStateMachineTransition" id="AnimationNodeStateMachineTransition_oilyn"]
switch_mode = 2
advance_mode = 2

[sub_resource type="AnimationNodeStateMachine" id="AnimationNodeStateMachine_0gil4"]
states/2H_Ranged_Aiming/node = SubResource("AnimationNodeAnimation_0y6pn")
states/2H_Ranged_Aiming/position = Vector2(257, -41)
states/2H_Ranged_Reload/node = SubResource("AnimationNodeAnimation_qkqfv")
states/2H_Ranged_Reload/position = Vector2(444, -41)
states/2H_Ranged_Shoot/node = SubResource("AnimationNodeAnimation_fhjde")
states/2H_Ranged_Shoot/position = Vector2(632, -41)
states/2H_Ranged_Shooting/node = SubResource("AnimationNodeAnimation_ie1x6")
states/2H_Ranged_Shooting/position = Vector2(828, -41)
states/Death_A/node = SubResource("AnimationNodeAnimation_xwdw8")
states/Death_A/position = Vector2(828, 58)
states/End/position = Vector2(993, 111)
states/IWR/node = SubResource("AnimationNodeBlendSpace2D_efsyh")
states/IWR/position = Vector2(600, 100)
states/Interact/node = SubResource("AnimationNodeAnimation_oq3dv")
states/Interact/position = Vector2(444, 46)
transitions = ["Start", "IWR", SubResource("AnimationNodeStateMachineTransition_4dw7a"), "Interact", "IWR", SubResource("AnimationNodeStateMachineTransition_e05m0"), "IWR", "Interact", SubResource("AnimationNodeStateMachineTransition_i5qlx"), "IWR", "Death_A", SubResource("AnimationNodeStateMachineTransition_oi4nx"), "IWR", "2H_Ranged_Shooting", SubResource("AnimationNodeStateMachineTransition_ldrdl"), "2H_Ranged_Shooting", "IWR", SubResource("AnimationNodeStateMachineTransition_hxdq2"), "IWR", "2H_Ranged_Shoot", SubResource("AnimationNodeStateMachineTransition_f07wg"), "IWR", "2H_Ranged_Reload", SubResource("AnimationNodeStateMachineTransition_c6yaa"), "IWR", "2H_Ranged_Aiming", SubResource("AnimationNodeStateMachineTransition_a7tse"), "2H_Ranged_Aiming", "IWR", SubResource("AnimationNodeStateMachineTransition_fl8cr"), "2H_Ranged_Reload", "IWR", SubResource("AnimationNodeStateMachineTransition_dd5rs"), "2H_Ranged_Shoot", "IWR", SubResource("AnimationNodeStateMachineTransition_oilyn")]
graph_offset = Vector2(-201, -108)

[node name="Rogue_Hooded" instance=ExtResource("1_t2hke")]
script = ExtResource("2_8mqn1")

[node name="Skeleton3D" parent="Rig" index="0"]
transform = Transform3D(-1, 0, -8.74228e-08, 0, 1, 0, 8.74228e-08, 0, -1, 0, 0, 0)
bones/0/position = Vector3(0, 6.54423e-05, 0)
bones/0/rotation = Quaternion(-3.49422e-11, 0.0010155, 6.05216e-11, 1)
bones/1/position = Vector3(-4.68557e-25, 0.383435, 1.96527e-18)
bones/1/rotation = Quaternion(0.000404145, 0.0429671, -0.000152445, 0.999076)
bones/2/rotation = Quaternion(0.000515394, -0.000766864, 0.00013188, 1)
bones/3/rotation = Quaternion(0.000235427, -0.000309212, 0.000103197, 1)
bones/4/position = Vector3(0.211915, 0.134047, -0.000176558)
bones/4/rotation = Quaternion(-0.555161, -0.0637164, -0.655503, 0.507989)
bones/5/rotation = Quaternion(2.7346e-08, -6.38345e-08, -0.474162, 0.880438)
bones/7/rotation = Quaternion(-0.315956, -0.327714, 0.132896, 0.880406)
bones/8/rotation = Quaternion(0.00141292, 0.00191291, -0.700407, 0.71374)
bones/10/position = Vector3(-0.211995, 0.134087, -0.00019812)
bones/10/rotation = Quaternion(-0.613913, 0.0846913, 0.62953, 0.468647)
bones/11/rotation = Quaternion(-4.35971e-09, 5.95651e-08, 0.497493, 0.867468)
bones/13/rotation = Quaternion(-0.314222, 0.301771, -0.214062, 0.874286)
bones/14/rotation = Quaternion(0.00362052, 0.00464299, 0.702065, 0.712089)
bones/19/rotation = Quaternion(-0.000522058, -0.0306972, 8.07593e-05, 0.999529)
bones/21/position = Vector3(0.170945, 0.113587, -0.000393991)
bones/21/rotation = Quaternion(0.992543, 0.0828372, 0.0757833, 0.0474788)
bones/22/rotation = Quaternion(0.292656, 6.51024e-08, -2.0553e-07, 0.956218)
bones/23/rotation = Quaternion(-0.565955, -0.205376, 0.0585547, 0.796296)
bones/24/rotation = Quaternion(-3.02281e-08, 0.920194, -0.391463, 6.94326e-08)
bones/25/position = Vector3(-0.170945, 0.113587, 0.000394019)
bones/25/rotation = Quaternion(0.99499, -0.0309393, 0.0306057, 0.090004)
bones/26/rotation = Quaternion(0.348912, -6.234e-08, 2.42178e-07, 0.937155)
bones/27/rotation = Quaternion(-0.598757, 0.113432, -0.0148679, 0.792718)
bones/28/rotation = Quaternion(3.04643e-08, 0.920355, -0.391084, -6.94912e-08)
bones/29/position = Vector3(0.170945, 0.292431, 0.575934)
bones/29/rotation = Quaternion(0.707107, -2.29302e-07, -4.60551e-08, 0.707107)
bones/30/position = Vector3(0.202054, 0.0263937, 0.202541)
bones/30/rotation = Quaternion(-0.704363, -7.08025e-08, -7.02617e-08, 0.70984)
bones/31/rotation = Quaternion(9.61862e-09, 1.77231e-09, 0.985836, -0.167712)
bones/32/rotation = Quaternion(-1.04035e-07, 0.391084, 0.920355, -2.9526e-08)
bones/34/rotation = Quaternion(1, -2.81175e-11, 1.94709e-07, 3.61211e-12)
bones/36/position = Vector3(-0.170945, 0.292431, 0.575933)
bones/36/rotation = Quaternion(0.707107, -3.82385e-08, 1.45009e-07, 0.707107)
bones/37/position = Vector3(-0.170945, 0.0271512, 0.247204)
bones/37/rotation = Quaternion(-0.707952, -7.04717e-08, -7.0599e-08, 0.706261)
bones/38/rotation = Quaternion(-5.79801e-09, 6.39775e-10, 0.994852, 0.10134)
bones/39/rotation = Quaternion(-1.04035e-07, 0.391084, 0.920355, -2.95261e-08)
bones/41/rotation = Quaternion(1, 4.44086e-16, 1.94707e-07, 6.90238e-22)
bones/43/position = Vector3(0.454738, 1.10555, -0.58787)
bones/43/rotation = Quaternion(-0.707107, -0.000239401, -0.000239401, 0.707107)
bones/44/position = Vector3(0.520563, 0.771451, -0.0560824)
bones/44/rotation = Quaternion(0.79532, 0.00213228, 0.606185, 0.000729283)
bones/45/position = Vector3(-0.453031, 1.10594, -0.589472)
bones/45/rotation = Quaternion(-0.707107, -0.000239401, -0.000239401, 0.707107)
bones/46/position = Vector3(-0.510859, 0.771451, 0.0597225)
bones/46/rotation = Quaternion(-0.759406, 0.00169758, 0.650615, 2.80285e-05)

[node name="Knife_Offhand" parent="Rig/Skeleton3D" index="0"]
transform = Transform3D(-0.00346561, 0.264655, 0.964336, 0.999842, -0.0158488, 0.00794312, 0.017386, 0.964212, -0.264558, 0.5086, 0.619653, -0.0198119)
visible = false
bone_idx = 9

[node name="1H_Crossbow" parent="Rig/Skeleton3D" index="1"]
transform = Transform3D(0.98669, -0.162605, 0.0014031, -0.000176524, -0.0096975, -0.999952, 0.162611, 0.986643, -0.0095975, -0.489857, 0.727653, 0.0971561)
visible = false
bone_idx = 15

[node name="2H_Crossbow" parent="Rig/Skeleton3D" index="2"]
transform = Transform3D(0.98669, -0.162605, 0.0014031, -0.000176524, -0.0096975, -0.999952, 0.162611, 0.986643, -0.0095975, -0.489857, 0.727653, 0.0971561)
bone_idx = 16

[node name="RayCast3D" type="RayCast3D" parent="Rig/Skeleton3D/2H_Crossbow/2H_Crossbow" index="0"]
transform = Transform3D(0.950303, -0.311327, 0.00151263, -0.311331, -0.950283, 0.00615064, -0.00047762, -0.00631582, -0.999981, 0.00319785, 0.00366244, 1.03267)
target_position = Vector3(0, 0, -1)

[node name="Knife" parent="Rig/Skeleton3D" index="3"]
transform = Transform3D(-0.0014031, -0.162605, 0.98669, 0.999952, -0.00969735, -0.000176503, 0.00959735, 0.986643, 0.162611, -0.491394, 0.622929, 0.106372)
visible = false
bone_idx = 17

[node name="Throwable" parent="Rig/Skeleton3D" index="4"]
transform = Transform3D(-0.00140308, -0.162605, 0.98669, 0.999952, -0.00969734, -0.000176518, 0.00959734, 0.986643, 0.162611, -0.520703, 0.621182, 0.284211)
visible = false
bone_idx = 18

[node name="Rogue_Cape" parent="Rig/Skeleton3D" index="5"]
transform = Transform3D(0.996318, 2.87317e-06, 0.0857336, 0.000196937, 0.999997, -0.00232213, -0.0857334, 0.00233046, 0.996315, 0.000129147, 1.19371, 0.00141058)
bone_idx = 20

[node name="CollisionShape3D" type="CollisionShape3D" parent="." index="2"]
transform = Transform3D(1, 0, 0, 0, 1, 0, 0, 0, 1, 0, 1.2, 0)
shape = SubResource("CapsuleShape3D_4w0rq")

[node name="camera_point" type="Node3D" parent="." index="3"]
transform = Transform3D(1, 0, 0, 0, 0.308105, 0.951353, 0, -0.951353, 0.308105, 0, 13.4146, 4.93459)

[node name="AnimationTree" type="AnimationTree" parent="." index="4"]
tree_root = SubResource("AnimationNodeStateMachine_0gil4")
anim_player = NodePath("../AnimationPlayer")
active = true
parameters/IWR/blend_position = Vector2(-0.00193924, 0.00216913)

[node name="camera_rig" parent="." index="5" instance=ExtResource("3_nk77k")]
transform = Transform3D(1, 0, 0, 0, 0.308105, 0.951353, 0, -0.951353, 0.308105, 0, 13.4146, 4.93459)
