[gd_scene load_steps=30 format=3 uid="uid://csqg2v0p2s8yw"]

[ext_resource type="PackedScene" uid="uid://db0337ymkwxhu" path="res://assets/KayKit_Adventurers_1.0_FREE/Characters/gltf/Rogue_Hooded.glb" id="1_t2hke"]
[ext_resource type="Script" path="res://player/rogue_hooded.gd" id="2_8mqn1"]
[ext_resource type="PackedScene" uid="uid://cxcn28m8cf2ck" path="res://player/camera_rig.tscn" id="3_nk77k"]

[sub_resource type="CapsuleShape3D" id="CapsuleShape3D_4w0rq"]
height = 2.4

[sub_resource type="AnimationNodeAnimation" id="AnimationNodeAnimation_0y6pn"]
animation = &"2H_Ranged_Aiming"

[sub_resource type="AnimationNodeAnimation" id="AnimationNodeAnimation_qkqfv"]
animation = &"2H_Ranged_Reload"

[sub_resource type="AnimationNodeAnimation" id="AnimationNodeAnimation_fhjde"]
animation = &"2H_Ranged_Shoot"

[sub_resource type="AnimationNodeAnimation" id="AnimationNodeAnimation_ie1x6"]
animation = &"2H_Ranged_Shooting"

[sub_resource type="AnimationNodeAnimation" id="AnimationNodeAnimation_xwdw8"]
animation = &"Death_A"

[sub_resource type="AnimationNodeAnimation" id="AnimationNodeAnimation_evips"]
animation = &"Idle"

[sub_resource type="AnimationNodeAnimation" id="AnimationNodeAnimation_ncn1i"]
animation = &"Running_A"

[sub_resource type="AnimationNodeAnimation" id="AnimationNodeAnimation_an6yn"]
animation = &"Running_B"

[sub_resource type="AnimationNodeAnimation" id="AnimationNodeAnimation_trie0"]
animation = &"Running_Strafe_Left"

[sub_resource type="AnimationNodeAnimation" id="AnimationNodeAnimation_gn6c2"]
animation = &"Running_Strafe_Right"

[sub_resource type="AnimationNodeBlendSpace2D" id="AnimationNodeBlendSpace2D_efsyh"]
blend_point_0/node = SubResource("AnimationNodeAnimation_evips")
blend_point_0/pos = Vector2(0, 0)
blend_point_1/node = SubResource("AnimationNodeAnimation_ncn1i")
blend_point_1/pos = Vector2(0, 1)
blend_point_2/node = SubResource("AnimationNodeAnimation_an6yn")
blend_point_2/pos = Vector2(0, -1)
blend_point_3/node = SubResource("AnimationNodeAnimation_trie0")
blend_point_3/pos = Vector2(-1, 0)
blend_point_4/node = SubResource("AnimationNodeAnimation_gn6c2")
blend_point_4/pos = Vector2(1, 0)

[sub_resource type="AnimationNodeAnimation" id="AnimationNodeAnimation_oq3dv"]
animation = &"Interact"

[sub_resource type="AnimationNodeStateMachineTransition" id="AnimationNodeStateMachineTransition_4dw7a"]
xfade_time = 0.1
advance_mode = 2

[sub_resource type="AnimationNodeStateMachineTransition" id="AnimationNodeStateMachineTransition_e05m0"]
switch_mode = 2
advance_mode = 2

[sub_resource type="AnimationNodeStateMachineTransition" id="AnimationNodeStateMachineTransition_i5qlx"]

[sub_resource type="AnimationNodeStateMachineTransition" id="AnimationNodeStateMachineTransition_oi4nx"]

[sub_resource type="AnimationNodeStateMachineTransition" id="AnimationNodeStateMachineTransition_f07wg"]

[sub_resource type="AnimationNodeStateMachineTransition" id="AnimationNodeStateMachineTransition_c6yaa"]

[sub_resource type="AnimationNodeStateMachineTransition" id="AnimationNodeStateMachineTransition_a7tse"]

[sub_resource type="AnimationNodeStateMachineTransition" id="AnimationNodeStateMachineTransition_fl8cr"]
switch_mode = 2
advance_mode = 2

[sub_resource type="AnimationNodeStateMachineTransition" id="AnimationNodeStateMachineTransition_dd5rs"]
switch_mode = 2
advance_mode = 2

[sub_resource type="AnimationNodeStateMachineTransition" id="AnimationNodeStateMachineTransition_oilyn"]
switch_mode = 2
advance_mode = 2

[sub_resource type="AnimationNodeStateMachineTransition" id="AnimationNodeStateMachineTransition_ybxcs"]
xfade_time = 0.2
switch_mode = 1
advance_mode = 2
advance_condition = &"run"

[sub_resource type="AnimationNodeStateMachineTransition" id="AnimationNodeStateMachineTransition_5yshe"]

[sub_resource type="AnimationNodeStateMachine" id="AnimationNodeStateMachine_0gil4"]
states/2H_Ranged_Aiming/node = SubResource("AnimationNodeAnimation_0y6pn")
states/2H_Ranged_Aiming/position = Vector2(257, -41)
states/2H_Ranged_Reload/node = SubResource("AnimationNodeAnimation_qkqfv")
states/2H_Ranged_Reload/position = Vector2(444, -41)
states/2H_Ranged_Shoot/node = SubResource("AnimationNodeAnimation_fhjde")
states/2H_Ranged_Shoot/position = Vector2(632, -41)
states/2H_Ranged_Shooting/node = SubResource("AnimationNodeAnimation_ie1x6")
states/2H_Ranged_Shooting/position = Vector2(1111, -97)
states/Death_A/node = SubResource("AnimationNodeAnimation_xwdw8")
states/Death_A/position = Vector2(881, 97)
states/End/position = Vector2(993, 111)
states/IWR/node = SubResource("AnimationNodeBlendSpace2D_efsyh")
states/IWR/position = Vector2(558, 146)
states/Interact/node = SubResource("AnimationNodeAnimation_oq3dv")
states/Interact/position = Vector2(77, 74)
states/Start/position = Vector2(-131, 134)
transitions = ["Start", "IWR", SubResource("AnimationNodeStateMachineTransition_4dw7a"), "Interact", "IWR", SubResource("AnimationNodeStateMachineTransition_e05m0"), "IWR", "Interact", SubResource("AnimationNodeStateMachineTransition_i5qlx"), "IWR", "Death_A", SubResource("AnimationNodeStateMachineTransition_oi4nx"), "IWR", "2H_Ranged_Shoot", SubResource("AnimationNodeStateMachineTransition_f07wg"), "IWR", "2H_Ranged_Reload", SubResource("AnimationNodeStateMachineTransition_c6yaa"), "IWR", "2H_Ranged_Aiming", SubResource("AnimationNodeStateMachineTransition_a7tse"), "2H_Ranged_Aiming", "IWR", SubResource("AnimationNodeStateMachineTransition_fl8cr"), "2H_Ranged_Reload", "IWR", SubResource("AnimationNodeStateMachineTransition_dd5rs"), "2H_Ranged_Shoot", "IWR", SubResource("AnimationNodeStateMachineTransition_oilyn"), "2H_Ranged_Shooting", "IWR", SubResource("AnimationNodeStateMachineTransition_ybxcs"), "IWR", "2H_Ranged_Shooting", SubResource("AnimationNodeStateMachineTransition_5yshe")]
graph_offset = Vector2(-203, -132)

[node name="Rogue_Hooded" instance=ExtResource("1_t2hke")]
script = ExtResource("2_8mqn1")

[node name="Skeleton3D" parent="Rig" index="0"]
transform = Transform3D(-1, 0, -8.74228e-08, 0, 1, 0, 8.74228e-08, 0, -1, 0, 0, 0)
bones/0/rotation = Quaternion(-5.13343e-11, 0.00149184, 8.89137e-11, 0.999999)
bones/1/position = Vector3(-2.32599e-18, 0.369622, -5.5456e-25)
bones/1/rotation = Quaternion(0.000909964, 0.042741, -0.000237413, 0.999086)
bones/2/rotation = Quaternion(0.000397233, -0.00151363, 0.000299524, 0.999999)
bones/3/rotation = Quaternion(0.000218462, -0.000450945, 0.000168526, 1)
bones/4/position = Vector3(0.211936, 0.134119, 0.000135397)
bones/4/rotation = Quaternion(-0.553932, -0.0571304, -0.634536, 0.535967)
bones/5/rotation = Quaternion(3.56217e-08, -7.05465e-08, -0.517553, 0.855651)
bones/7/rotation = Quaternion(-0.319228, -0.340125, 0.148494, 0.871985)
bones/8/rotation = Quaternion(0.00054599, 0.00154432, -0.702001, 0.712174)
bones/10/position = Vector3(-0.212006, 0.134055, -0.000395169)
bones/10/rotation = Quaternion(-0.611541, 0.0786837, 0.611127, 0.496338)
bones/11/rotation = Quaternion(1.47437e-08, 4.967e-08, 0.5376, 0.8432)
bones/13/rotation = Quaternion(-0.321256, 0.313165, -0.229255, 0.863808)
bones/14/rotation = Quaternion(0.0027433, 0.00440726, 0.703622, 0.710555)
bones/19/rotation = Quaternion(-0.000344792, -0.0299525, 2.17152e-05, 0.999551)
bones/21/position = Vector3(0.170945, 0.113587, -0.000904207)
bones/21/rotation = Quaternion(0.989651, 0.0830383, 0.0780663, 0.0871862)
bones/22/rotation = Quaternion(0.399176, 6.38909e-08, -2.67797e-07, 0.916874)
bones/23/rotation = Quaternion(-0.619381, -0.198957, 0.0765606, 0.755593)
bones/24/rotation = Quaternion(-3.00249e-08, 0.920146, -0.391576, 6.93922e-08)
bones/25/position = Vector3(-0.170945, 0.113587, 0.000904235)
bones/25/rotation = Quaternion(0.990906, -0.0330885, 0.0293874, 0.127072)
bones/26/rotation = Quaternion(0.439267, -5.75322e-08, 3.05856e-07, 0.898357)
bones/27/rotation = Quaternion(-0.647312, 0.111502, -0.0231324, 0.753671)
bones/28/rotation = Quaternion(3.04563e-08, 0.920355, -0.391084, -6.94946e-08)
bones/29/position = Vector3(0.170945, 0.292316, 0.575818)
bones/29/rotation = Quaternion(0.707107, -2.29302e-07, -4.60551e-08, 0.707107)
bones/30/position = Vector3(0.201894, 0.0268876, 0.199373)
bones/30/rotation = Quaternion(-0.701055, -7.11199e-08, -6.99445e-08, 0.713107)
bones/31/rotation = Quaternion(9.56973e-09, 1.7633e-09, 0.985981, -0.16686)
bones/32/rotation = Quaternion(-1.04035e-07, 0.391084, 0.920355, -2.9526e-08)
bones/34/rotation = Quaternion(1, -4.13067e-11, 1.94709e-07, 5.30664e-12)
bones/36/position = Vector3(-0.170945, 0.292316, 0.575818)
bones/36/rotation = Quaternion(0.707107, -3.82385e-08, 1.45009e-07, 0.707107)
bones/37/position = Vector3(-0.170945, 0.0284438, 0.248966)
bones/37/rotation = Quaternion(-0.709049, -7.03958e-08, -7.06822e-08, 0.705159)
bones/38/rotation = Quaternion(-5.76172e-09, 6.35838e-10, 0.994905, 0.100821)
bones/39/rotation = Quaternion(-1.04035e-07, 0.391084, 0.920355, -2.95261e-08)
bones/41/rotation = Quaternion(1, 4.44086e-16, 1.94707e-07, 6.87333e-22)
bones/43/position = Vector3(0.455315, 1.10435, -0.587724)
bones/43/rotation = Quaternion(-0.707107, -0.000351676, -0.000351675, 0.707107)
bones/44/position = Vector3(0.520409, 0.775625, -0.0540543)
bones/44/rotation = Quaternion(0.796538, 0.00479299, 0.604568, 0.00134396)
bones/45/position = Vector3(-0.452808, 1.10492, -0.590077)
bones/45/rotation = Quaternion(-0.707107, -0.000351676, -0.000351675, 0.707107)
bones/46/position = Vector3(-0.510873, 0.776146, 0.0575136)
bones/46/rotation = Quaternion(-0.758803, 0.000752402, 0.651317, 0.0017623)

[node name="Knife_Offhand" parent="Rig/Skeleton3D" index="0"]
transform = Transform3D(-0.007946, 0.265354, 0.964118, 0.999923, -0.00702855, 0.0101759, 0.00947687, 0.964125, -0.265278, 0.509812, 0.625465, -0.0153203)
visible = false
bone_idx = 9

[node name="1H_Crossbow" parent="Rig/Skeleton3D" index="1"]
transform = Transform3D(0.987105, -0.160072, -0.00023781, -0.00124663, -0.0062011, -0.999979, 0.160067, 0.987085, -0.006321, -0.491374, 0.733763, 0.0974811)
visible = false
bone_idx = 15

[node name="2H_Crossbow" parent="Rig/Skeleton3D" index="2"]
transform = Transform3D(0.987105, -0.160072, -0.00023781, -0.00124663, -0.0062011, -0.999979, 0.160067, 0.987085, -0.006321, -0.491374, 0.733763, 0.0974811)
bone_idx = 16

[node name="Knife" parent="Rig/Skeleton3D" index="3"]
transform = Transform3D(0.000237816, -0.160072, 0.987105, 0.999979, -0.00620095, -0.00124661, 0.00632085, 0.987085, 0.160067, -0.493057, 0.629073, 0.107044)
visible = false
bone_idx = 17

[node name="Throwable" parent="Rig/Skeleton3D" index="4"]
transform = Transform3D(0.000237832, -0.160072, 0.987105, 0.999979, -0.00620093, -0.00124662, 0.00632084, 0.987085, 0.160067, -0.52191, 0.627955, 0.284963)
visible = false
bone_idx = 18

[node name="Rogue_Cape" parent="Rig/Skeleton3D" index="5"]
transform = Transform3D(0.996427, -0.000268967, 0.0844612, 0.000530153, 0.999995, -0.00306997, -0.08446, 0.00310378, 0.996422, 5.27732e-05, 1.17983, 0.00208973)
bone_idx = 20

[node name="RayCast3D" type="RayCast3D" parent="Rig" index="1"]
transform = Transform3D(-0.999836, -0.00268208, -0.0178738, -0.00272379, 0.999994, 0.00233744, 0.0178671, 0.0023857, -0.999838, 0.407101, 0.974662, -0.972444)
target_position = Vector3(0, 0, -1)

[node name="CollisionShape3D" type="CollisionShape3D" parent="." index="2"]
transform = Transform3D(1, 0, 0, 0, 1, 0, 0, 0, 1, 0, 1.2, 0)
shape = SubResource("CapsuleShape3D_4w0rq")

[node name="camera_point" type="Node3D" parent="." index="3"]
transform = Transform3D(1, 0, 0, 0, 0.308105, 0.951353, 0, -0.951353, 0.308105, 0, 13.4146, 4.93459)

[node name="AnimationTree" type="AnimationTree" parent="." index="4"]
tree_root = SubResource("AnimationNodeStateMachine_0gil4")
anim_player = NodePath("../AnimationPlayer")
active = true
parameters/conditions/run = false
parameters/IWR/blend_position = Vector2(-0.00284898, -0.00636947)

[node name="camera_rig" parent="." index="5" instance=ExtResource("3_nk77k")]
transform = Transform3D(1, 0, 0, 0, 0.308105, 0.951353, 0, -0.951353, 0.308105, 0, 13.4146, 4.93459)
