[gd_scene load_steps=30 format=3 uid="uid://csqg2v0p2s8yw"]

[ext_resource type="PackedScene" uid="uid://db0337ymkwxhu" path="res://assets/KayKit_Adventurers_1.0_FREE/Characters/gltf/Rogue_Hooded.glb" id="1_t2hke"]
[ext_resource type="Script" path="res://player/rogue_hooded.gd" id="2_8mqn1"]
[ext_resource type="PackedScene" uid="uid://cxcn28m8cf2ck" path="res://player/camera_rig.tscn" id="3_nk77k"]

[sub_resource type="CapsuleShape3D" id="CapsuleShape3D_4w0rq"]
height = 2.4

[sub_resource type="AnimationNodeAnimation" id="AnimationNodeAnimation_0y6pn"]
animation = &"2H_Ranged_Aiming"

[sub_resource type="AnimationNodeAnimation" id="AnimationNodeAnimation_qkqfv"]
animation = &"2H_Ranged_Reload"

[sub_resource type="AnimationNodeAnimation" id="AnimationNodeAnimation_fhjde"]
animation = &"2H_Ranged_Shoot"

[sub_resource type="AnimationNodeAnimation" id="AnimationNodeAnimation_ie1x6"]
animation = &"2H_Ranged_Shooting"

[sub_resource type="AnimationNodeAnimation" id="AnimationNodeAnimation_xwdw8"]
animation = &"Death_A"

[sub_resource type="AnimationNodeAnimation" id="AnimationNodeAnimation_evips"]
animation = &"Idle"

[sub_resource type="AnimationNodeAnimation" id="AnimationNodeAnimation_ncn1i"]
animation = &"Running_A"

[sub_resource type="AnimationNodeAnimation" id="AnimationNodeAnimation_an6yn"]
animation = &"Running_B"

[sub_resource type="AnimationNodeAnimation" id="AnimationNodeAnimation_trie0"]
animation = &"Running_Strafe_Left"

[sub_resource type="AnimationNodeAnimation" id="AnimationNodeAnimation_gn6c2"]
animation = &"Running_Strafe_Right"

[sub_resource type="AnimationNodeBlendSpace2D" id="AnimationNodeBlendSpace2D_efsyh"]
blend_point_0/node = SubResource("AnimationNodeAnimation_evips")
blend_point_0/pos = Vector2(0, 0)
blend_point_1/node = SubResource("AnimationNodeAnimation_ncn1i")
blend_point_1/pos = Vector2(0, 1)
blend_point_2/node = SubResource("AnimationNodeAnimation_an6yn")
blend_point_2/pos = Vector2(0, -1)
blend_point_3/node = SubResource("AnimationNodeAnimation_trie0")
blend_point_3/pos = Vector2(-1, 0)
blend_point_4/node = SubResource("AnimationNodeAnimation_gn6c2")
blend_point_4/pos = Vector2(1, 0)

[sub_resource type="AnimationNodeAnimation" id="AnimationNodeAnimation_oq3dv"]
animation = &"Interact"

[sub_resource type="AnimationNodeStateMachineTransition" id="AnimationNodeStateMachineTransition_4dw7a"]
xfade_time = 0.1
advance_mode = 2

[sub_resource type="AnimationNodeStateMachineTransition" id="AnimationNodeStateMachineTransition_e05m0"]
switch_mode = 2
advance_mode = 2

[sub_resource type="AnimationNodeStateMachineTransition" id="AnimationNodeStateMachineTransition_i5qlx"]

[sub_resource type="AnimationNodeStateMachineTransition" id="AnimationNodeStateMachineTransition_oi4nx"]

[sub_resource type="AnimationNodeStateMachineTransition" id="AnimationNodeStateMachineTransition_f07wg"]

[sub_resource type="AnimationNodeStateMachineTransition" id="AnimationNodeStateMachineTransition_c6yaa"]

[sub_resource type="AnimationNodeStateMachineTransition" id="AnimationNodeStateMachineTransition_a7tse"]

[sub_resource type="AnimationNodeStateMachineTransition" id="AnimationNodeStateMachineTransition_fl8cr"]
switch_mode = 2
advance_mode = 2

[sub_resource type="AnimationNodeStateMachineTransition" id="AnimationNodeStateMachineTransition_dd5rs"]
switch_mode = 2
advance_mode = 2

[sub_resource type="AnimationNodeStateMachineTransition" id="AnimationNodeStateMachineTransition_oilyn"]
switch_mode = 2
advance_mode = 2

[sub_resource type="AnimationNodeStateMachineTransition" id="AnimationNodeStateMachineTransition_ybxcs"]
xfade_time = 0.2
switch_mode = 1
advance_mode = 2
advance_condition = &"run"

[sub_resource type="AnimationNodeStateMachineTransition" id="AnimationNodeStateMachineTransition_5yshe"]

[sub_resource type="AnimationNodeStateMachine" id="AnimationNodeStateMachine_0gil4"]
states/2H_Ranged_Aiming/node = SubResource("AnimationNodeAnimation_0y6pn")
states/2H_Ranged_Aiming/position = Vector2(257, -41)
states/2H_Ranged_Reload/node = SubResource("AnimationNodeAnimation_qkqfv")
states/2H_Ranged_Reload/position = Vector2(444, -41)
states/2H_Ranged_Shoot/node = SubResource("AnimationNodeAnimation_fhjde")
states/2H_Ranged_Shoot/position = Vector2(632, -41)
states/2H_Ranged_Shooting/node = SubResource("AnimationNodeAnimation_ie1x6")
states/2H_Ranged_Shooting/position = Vector2(1111, -97)
states/Death_A/node = SubResource("AnimationNodeAnimation_xwdw8")
states/Death_A/position = Vector2(881, 97)
states/End/position = Vector2(993, 111)
states/IWR/node = SubResource("AnimationNodeBlendSpace2D_efsyh")
states/IWR/position = Vector2(558, 146)
states/Interact/node = SubResource("AnimationNodeAnimation_oq3dv")
states/Interact/position = Vector2(77, 74)
states/Start/position = Vector2(-131, 134)
transitions = ["Start", "IWR", SubResource("AnimationNodeStateMachineTransition_4dw7a"), "Interact", "IWR", SubResource("AnimationNodeStateMachineTransition_e05m0"), "IWR", "Interact", SubResource("AnimationNodeStateMachineTransition_i5qlx"), "IWR", "Death_A", SubResource("AnimationNodeStateMachineTransition_oi4nx"), "IWR", "2H_Ranged_Shoot", SubResource("AnimationNodeStateMachineTransition_f07wg"), "IWR", "2H_Ranged_Reload", SubResource("AnimationNodeStateMachineTransition_c6yaa"), "IWR", "2H_Ranged_Aiming", SubResource("AnimationNodeStateMachineTransition_a7tse"), "2H_Ranged_Aiming", "IWR", SubResource("AnimationNodeStateMachineTransition_fl8cr"), "2H_Ranged_Reload", "IWR", SubResource("AnimationNodeStateMachineTransition_dd5rs"), "2H_Ranged_Shoot", "IWR", SubResource("AnimationNodeStateMachineTransition_oilyn"), "2H_Ranged_Shooting", "IWR", SubResource("AnimationNodeStateMachineTransition_ybxcs"), "IWR", "2H_Ranged_Shooting", SubResource("AnimationNodeStateMachineTransition_5yshe")]
graph_offset = Vector2(-203, -132)

[node name="Rogue_Hooded" instance=ExtResource("1_t2hke")]
script = ExtResource("2_8mqn1")

[node name="Skeleton3D" parent="Rig" index="0"]
transform = Transform3D(-1, 0, -8.74228e-08, 0, 1, 0, 8.74228e-08, 0, -1, 0, 0, 0)
bones/0/rotation = Quaternion(-5.13343e-11, 0.00149184, 8.89136e-11, 0.999999)
bones/1/position = Vector3(-2.05525e-18, 0.372569, 9.38504e-19)
bones/1/rotation = Quaternion(0.000916831, 0.0427412, -0.000237716, 0.999086)
bones/2/rotation = Quaternion(0.00038059, -0.000742542, 0.000238342, 1)
bones/3/rotation = Quaternion(0.000168027, -0.00043693, 0.000240863, 1)
bones/4/position = Vector3(0.21199, 0.134136, 7.11349e-05)
bones/4/rotation = Quaternion(-0.555064, -0.0575024, -0.634471, 0.534832)
bones/5/rotation = Quaternion(3.43892e-08, -5.55178e-08, -0.517778, 0.855515)
bones/7/rotation = Quaternion(-0.319707, -0.338282, 0.149757, 0.87231)
bones/8/rotation = Quaternion(0.000330522, 0.00114037, -0.703009, 0.71118)
bones/10/position = Vector3(-0.211952, 0.134037, -0.000330907)
bones/10/rotation = Quaternion(-0.612861, 0.077967, 0.609951, 0.496268)
bones/11/rotation = Quaternion(2.40052e-08, 4.58973e-08, 0.538067, 0.842902)
bones/13/rotation = Quaternion(-0.321422, 0.312371, -0.229948, 0.86385)
bones/14/rotation = Quaternion(0.00192564, 0.00350457, 0.704245, 0.709946)
bones/19/rotation = Quaternion(-0.000395985, -0.0306553, 8.07073e-05, 0.99953)
bones/21/position = Vector3(0.170945, 0.113587, -0.000579092)
bones/21/rotation = Quaternion(0.990252, 0.0827734, 0.0777054, 0.0806949)
bones/22/rotation = Quaternion(0.378625, 6.26679e-08, -2.60686e-07, 0.92555)
bones/23/rotation = Quaternion(-0.610219, -0.200195, 0.0725241, 0.763083)
bones/24/rotation = Quaternion(-3.01077e-08, 0.920018, -0.391877, 6.94097e-08)
bones/25/position = Vector3(-0.170945, 0.113587, 0.000579119)
bones/25/rotation = Quaternion(0.991803, -0.0326686, 0.0295619, 0.119939)
bones/26/rotation = Quaternion(0.424444, -6.04093e-08, 2.96111e-07, 0.905454)
bones/27/rotation = Quaternion(-0.637007, 0.111662, -0.0214799, 0.762426)
bones/28/rotation = Quaternion(3.04594e-08, 0.920355, -0.391084, -6.9493e-08)
bones/29/position = Vector3(0.170945, 0.292439, 0.575942)
bones/29/rotation = Quaternion(0.707107, -2.29302e-07, -4.60551e-08, 0.707107)
bones/30/position = Vector3(0.201894, 0.0263842, 0.202053)
bones/30/rotation = Quaternion(-0.703544, -7.08553e-08, -7.01949e-08, 0.710652)
bones/31/rotation = Quaternion(9.56973e-09, 1.7633e-09, 0.985981, -0.16686)
bones/32/rotation = Quaternion(-1.04035e-07, 0.391084, 0.920355, -2.9526e-08)
bones/34/rotation = Quaternion(1, -4.13066e-11, 1.94709e-07, 5.30663e-12)
bones/36/position = Vector3(-0.170945, 0.292439, 0.575941)
bones/36/rotation = Quaternion(0.707107, -3.82385e-08, 1.45009e-07, 0.707107)
bones/37/position = Vector3(-0.170945, 0.0272256, 0.246508)
bones/37/rotation = Quaternion(-0.705852, -7.07097e-08, -7.0344e-08, 0.708359)
bones/38/rotation = Quaternion(-5.76172e-09, 6.35838e-10, 0.994905, 0.100821)
bones/39/rotation = Quaternion(-1.04035e-07, 0.391084, 0.920355, -2.95261e-08)
bones/41/rotation = Quaternion(1, 4.44086e-16, 1.94707e-07, 6.87333e-22)
bones/43/position = Vector3(0.455315, 1.10435, -0.587724)
bones/43/rotation = Quaternion(-0.707107, -0.000351675, -0.000351675, 0.707107)
bones/44/position = Vector3(0.520409, 0.77858, -0.0543579)
bones/44/rotation = Quaternion(0.796365, 0.00443958, 0.604799, 0.00123219)
bones/45/position = Vector3(-0.452808, 1.10492, -0.590077)
bones/45/rotation = Quaternion(-0.707107, -0.000351675, -0.000351675, 0.707107)
bones/46/position = Vector3(-0.510873, 0.779, 0.0578171)
bones/46/rotation = Quaternion(-0.759014, 0.00100029, 0.651072, 0.00153643)

[node name="Knife_Offhand" parent="Rig/Skeleton3D" index="0"]
transform = Transform3D(-0.00669549, 0.265063, 0.964207, 0.999954, -0.00470058, 0.00823619, 0.0067157, 0.964219, -0.265019, 0.509351, 0.628182, -0.015443)
visible = false
bone_idx = 9

[node name="1H_Crossbow" parent="Rig/Skeleton3D" index="1"]
transform = Transform3D(0.987431, -0.158048, -0.000484035, -0.00125955, -0.00480615, -0.999987, 0.158044, 0.987419, -0.00494516, -0.491151, 0.736797, 0.0975202)
visible = false
bone_idx = 15

[node name="2H_Crossbow" parent="Rig/Skeleton3D" index="2"]
transform = Transform3D(0.987431, -0.158048, -0.000484035, -0.00125955, -0.00480615, -0.999987, 0.158044, 0.987419, -0.00494516, -0.491151, 0.736797, 0.0975202)
bone_idx = 16

[node name="Knife" parent="Rig/Skeleton3D" index="3"]
transform = Transform3D(0.00048404, -0.158048, 0.987431, 0.999987, -0.004806, -0.00125953, 0.00494501, 0.987419, 0.158043, -0.492839, 0.63212, 0.107231)
visible = false
bone_idx = 17

[node name="Throwable" parent="Rig/Skeleton3D" index="4"]
transform = Transform3D(0.000484056, -0.158048, 0.987431, 0.999987, -0.00480598, -0.00125954, 0.004945, 0.987419, 0.158044, -0.521327, 0.631254, 0.285209)
visible = false
bone_idx = 18

[node name="Rogue_Cape" parent="Rig/Skeleton3D" index="5"]
transform = Transform3D(0.996293, -0.000300237, 0.086026, 0.000556037, 0.999995, -0.00294958, -0.0860247, 0.00298647, 0.996289, 9.07253e-05, 1.18278, 0.00205265)
bone_idx = 20

[node name="RayCast3D" type="RayCast3D" parent="Rig" index="1"]
transform = Transform3D(-0.999836, -0.00268208, -0.0178738, -0.00272379, 0.999994, 0.00233744, 0.0178671, 0.0023857, -0.999838, 0.407101, 0.974662, -0.64889)
target_position = Vector3(0, 0, -1)

[node name="CollisionShape3D" type="CollisionShape3D" parent="." index="2"]
transform = Transform3D(1, 0, 0, 0, 1, 0, 0, 0, 1, 0, 1.2, 0)
shape = SubResource("CapsuleShape3D_4w0rq")

[node name="camera_point" type="Node3D" parent="." index="3"]
transform = Transform3D(1, 0, 0, 0, 0.308105, 0.951353, 0, -0.951353, 0.308105, 0, 13.4146, 4.93459)

[node name="AnimationTree" type="AnimationTree" parent="." index="4"]
tree_root = SubResource("AnimationNodeStateMachine_0gil4")
anim_player = NodePath("../AnimationPlayer")
active = true
parameters/conditions/run = false
parameters/IWR/blend_position = Vector2(-0.00284898, -0.00636947)

[node name="camera_rig" parent="." index="5" instance=ExtResource("3_nk77k")]
transform = Transform3D(1, 0, 0, 0, 0.308105, 0.951353, 0, -0.951353, 0.308105, 0, 13.4146, 4.93459)
