[gd_scene load_steps=30 format=3 uid="uid://csqg2v0p2s8yw"]

[ext_resource type="PackedScene" uid="uid://db0337ymkwxhu" path="res://assets/KayKit_Adventurers_1.0_FREE/Characters/gltf/Rogue_Hooded.glb" id="1_t2hke"]
[ext_resource type="Script" path="res://player/rogue_hooded.gd" id="2_8mqn1"]
[ext_resource type="PackedScene" uid="uid://cxcn28m8cf2ck" path="res://player/camera_rig.tscn" id="3_nk77k"]

[sub_resource type="CapsuleShape3D" id="CapsuleShape3D_4w0rq"]
height = 2.4

[sub_resource type="AnimationNodeAnimation" id="AnimationNodeAnimation_0y6pn"]
animation = &"2H_Ranged_Aiming"

[sub_resource type="AnimationNodeAnimation" id="AnimationNodeAnimation_qkqfv"]
animation = &"2H_Ranged_Reload"

[sub_resource type="AnimationNodeAnimation" id="AnimationNodeAnimation_fhjde"]
animation = &"2H_Ranged_Shoot"

[sub_resource type="AnimationNodeAnimation" id="AnimationNodeAnimation_ie1x6"]
animation = &"2H_Ranged_Shooting"

[sub_resource type="AnimationNodeAnimation" id="AnimationNodeAnimation_xwdw8"]
animation = &"Death_A"

[sub_resource type="AnimationNodeAnimation" id="AnimationNodeAnimation_evips"]
animation = &"Idle"

[sub_resource type="AnimationNodeAnimation" id="AnimationNodeAnimation_ncn1i"]
animation = &"Running_A"

[sub_resource type="AnimationNodeAnimation" id="AnimationNodeAnimation_an6yn"]
animation = &"Running_B"

[sub_resource type="AnimationNodeAnimation" id="AnimationNodeAnimation_trie0"]
animation = &"Running_Strafe_Left"

[sub_resource type="AnimationNodeAnimation" id="AnimationNodeAnimation_gn6c2"]
animation = &"Running_Strafe_Right"

[sub_resource type="AnimationNodeBlendSpace2D" id="AnimationNodeBlendSpace2D_efsyh"]
blend_point_0/node = SubResource("AnimationNodeAnimation_evips")
blend_point_0/pos = Vector2(0, 0)
blend_point_1/node = SubResource("AnimationNodeAnimation_ncn1i")
blend_point_1/pos = Vector2(0, 1)
blend_point_2/node = SubResource("AnimationNodeAnimation_an6yn")
blend_point_2/pos = Vector2(0, -1)
blend_point_3/node = SubResource("AnimationNodeAnimation_trie0")
blend_point_3/pos = Vector2(-1, 0)
blend_point_4/node = SubResource("AnimationNodeAnimation_gn6c2")
blend_point_4/pos = Vector2(1, 0)

[sub_resource type="AnimationNodeAnimation" id="AnimationNodeAnimation_oq3dv"]
animation = &"Interact"

[sub_resource type="AnimationNodeStateMachineTransition" id="AnimationNodeStateMachineTransition_4dw7a"]
xfade_time = 0.1
advance_mode = 2

[sub_resource type="AnimationNodeStateMachineTransition" id="AnimationNodeStateMachineTransition_e05m0"]
switch_mode = 2
advance_mode = 2

[sub_resource type="AnimationNodeStateMachineTransition" id="AnimationNodeStateMachineTransition_i5qlx"]

[sub_resource type="AnimationNodeStateMachineTransition" id="AnimationNodeStateMachineTransition_oi4nx"]

[sub_resource type="AnimationNodeStateMachineTransition" id="AnimationNodeStateMachineTransition_f07wg"]

[sub_resource type="AnimationNodeStateMachineTransition" id="AnimationNodeStateMachineTransition_c6yaa"]

[sub_resource type="AnimationNodeStateMachineTransition" id="AnimationNodeStateMachineTransition_a7tse"]

[sub_resource type="AnimationNodeStateMachineTransition" id="AnimationNodeStateMachineTransition_fl8cr"]
switch_mode = 2
advance_mode = 2

[sub_resource type="AnimationNodeStateMachineTransition" id="AnimationNodeStateMachineTransition_dd5rs"]
switch_mode = 2
advance_mode = 2

[sub_resource type="AnimationNodeStateMachineTransition" id="AnimationNodeStateMachineTransition_oilyn"]
switch_mode = 2
advance_mode = 2

[sub_resource type="AnimationNodeStateMachineTransition" id="AnimationNodeStateMachineTransition_ybxcs"]
xfade_time = 0.2
switch_mode = 1
advance_mode = 2
advance_condition = &"run"

[sub_resource type="AnimationNodeStateMachineTransition" id="AnimationNodeStateMachineTransition_5yshe"]

[sub_resource type="AnimationNodeStateMachine" id="AnimationNodeStateMachine_0gil4"]
states/2H_Ranged_Aiming/node = SubResource("AnimationNodeAnimation_0y6pn")
states/2H_Ranged_Aiming/position = Vector2(257, -41)
states/2H_Ranged_Reload/node = SubResource("AnimationNodeAnimation_qkqfv")
states/2H_Ranged_Reload/position = Vector2(444, -41)
states/2H_Ranged_Shoot/node = SubResource("AnimationNodeAnimation_fhjde")
states/2H_Ranged_Shoot/position = Vector2(632, -41)
states/2H_Ranged_Shooting/node = SubResource("AnimationNodeAnimation_ie1x6")
states/2H_Ranged_Shooting/position = Vector2(1111, -97)
states/Death_A/node = SubResource("AnimationNodeAnimation_xwdw8")
states/Death_A/position = Vector2(881, 97)
states/End/position = Vector2(993, 111)
states/IWR/node = SubResource("AnimationNodeBlendSpace2D_efsyh")
states/IWR/position = Vector2(558, 146)
states/Interact/node = SubResource("AnimationNodeAnimation_oq3dv")
states/Interact/position = Vector2(77, 74)
states/Start/position = Vector2(-131, 134)
transitions = ["Start", "IWR", SubResource("AnimationNodeStateMachineTransition_4dw7a"), "Interact", "IWR", SubResource("AnimationNodeStateMachineTransition_e05m0"), "IWR", "Interact", SubResource("AnimationNodeStateMachineTransition_i5qlx"), "IWR", "Death_A", SubResource("AnimationNodeStateMachineTransition_oi4nx"), "IWR", "2H_Ranged_Shoot", SubResource("AnimationNodeStateMachineTransition_f07wg"), "IWR", "2H_Ranged_Reload", SubResource("AnimationNodeStateMachineTransition_c6yaa"), "IWR", "2H_Ranged_Aiming", SubResource("AnimationNodeStateMachineTransition_a7tse"), "2H_Ranged_Aiming", "IWR", SubResource("AnimationNodeStateMachineTransition_fl8cr"), "2H_Ranged_Reload", "IWR", SubResource("AnimationNodeStateMachineTransition_dd5rs"), "2H_Ranged_Shoot", "IWR", SubResource("AnimationNodeStateMachineTransition_oilyn"), "2H_Ranged_Shooting", "IWR", SubResource("AnimationNodeStateMachineTransition_ybxcs"), "IWR", "2H_Ranged_Shooting", SubResource("AnimationNodeStateMachineTransition_5yshe")]
graph_offset = Vector2(-203, -132)

[node name="Rogue_Hooded" instance=ExtResource("1_t2hke")]
script = ExtResource("2_8mqn1")

[node name="Skeleton3D" parent="Rig" index="0"]
transform = Transform3D(-1, 0, -8.74228e-08, 0, 1, 0, 8.74228e-08, 0, -1, 0, 0, 0)
bones/0/rotation = Quaternion(-5.13343e-11, 0.00149184, 8.89137e-11, 0.999999)
bones/1/position = Vector3(9.27827e-19, 0.386014, 5.06081e-18)
bones/1/rotation = Quaternion(0.000877204, 0.0427412, -0.000236019, 0.999086)
bones/2/rotation = Quaternion(0.00037822, 0.000395457, 2.57808e-05, 1)
bones/3/rotation = Quaternion(0.000160247, -0.000434746, 0.000251995, 1)
bones/4/position = Vector3(0.211998, 0.134061, -0.000338828)
bones/4/rotation = Quaternion(-0.559921, -0.060357, -0.637733, 0.525492)
bones/5/rotation = Quaternion(1.19739e-08, -5.05587e-08, -0.504319, 0.863518)
bones/7/rotation = Quaternion(-0.32228, -0.327231, 0.146975, 0.876044)
bones/8/rotation = Quaternion(-0.000119247, 6.43105e-06, -0.706312, 0.707901)
bones/10/position = Vector3(-0.211944, 0.134112, 7.90563e-05)
bones/10/rotation = Quaternion(-0.617701, 0.0801833, 0.613375, 0.485579)
bones/11/rotation = Quaternion(3.05955e-08, 5.53879e-08, 0.526526, 0.850159)
bones/13/rotation = Quaternion(-0.318054, 0.306597, -0.227458, 0.867815)
bones/14/rotation = Quaternion(-7.93213e-06, 0.000798304, 0.704892, 0.709314)
bones/19/rotation = Quaternion(-0.000405052, -0.0318176, 0.000293585, 0.999494)
bones/21/position = Vector3(0.170945, 0.113587, 9.53873e-05)
bones/21/rotation = Quaternion(0.992973, 0.0824135, 0.0749654, 0.0399125)
bones/22/rotation = Quaternion(0.266386, 6.49055e-08, -1.85921e-07, 0.963866)
bones/23/rotation = Quaternion(-0.554212, -0.205355, 0.0538297, 0.804848)
bones/24/rotation = Quaternion(-3.05005e-08, 0.920327, -0.391149, 6.94895e-08)
bones/25/position = Vector3(-0.170945, 0.113587, -9.53595e-05)
bones/25/rotation = Quaternion(0.995757, -0.0303058, 0.0306215, 0.0813139)
bones/26/rotation = Quaternion(0.333831, -6.24637e-08, 2.32034e-07, 0.942633)
bones/27/rotation = Quaternion(-0.586411, 0.112932, -0.0131257, 0.801995)
bones/28/rotation = Quaternion(3.04599e-08, 0.920355, -0.391084, -6.94927e-08)
bones/29/position = Vector3(0.170945, 0.292364, 0.575867)
bones/29/rotation = Quaternion(0.707107, -2.29302e-07, -4.60551e-08, 0.707107)
bones/30/position = Vector3(0.201894, 0.0262507, 0.206231)
bones/30/rotation = Quaternion(-0.707372, -7.05017e-08, -7.05541e-08, 0.706842)
bones/31/rotation = Quaternion(9.56973e-09, 1.7633e-09, 0.985981, -0.16686)
bones/32/rotation = Quaternion(-1.04035e-07, 0.391084, 0.920355, -2.9526e-08)
bones/34/rotation = Quaternion(1, -4.13067e-11, 1.94709e-07, 5.30664e-12)
bones/36/position = Vector3(-0.170945, 0.292364, 0.575867)
bones/36/rotation = Quaternion(0.707107, -3.82385e-08, 1.45009e-07, 0.707107)
bones/37/position = Vector3(-0.170945, 0.02652, 0.241516)
bones/37/rotation = Quaternion(-0.701702, -7.11193e-08, -6.99192e-08, 0.712471)
bones/38/rotation = Quaternion(-5.76172e-09, 6.35838e-10, 0.994905, 0.100821)
bones/39/rotation = Quaternion(-1.04035e-07, 0.391084, 0.920355, -2.95261e-08)
bones/41/rotation = Quaternion(1, 4.44086e-16, 1.94707e-07, 6.87333e-22)
bones/43/position = Vector3(0.455315, 1.10435, -0.587724)
bones/43/rotation = Quaternion(-0.707107, -0.000351676, -0.000351675, 0.707107)
bones/44/position = Vector3(0.520409, 0.787015, -0.05685)
bones/44/rotation = Quaternion(0.794708, 0.00168485, 0.606989, -0.000219717)
bones/45/position = Vector3(-0.452808, 1.10492, -0.590077)
bones/45/rotation = Quaternion(-0.707107, -0.000351676, -0.000351675, 0.707107)
bones/46/position = Vector3(-0.510873, 0.786604, 0.0603092)
bones/46/rotation = Quaternion(-0.760799, 0.00365573, 0.648978, -8.08631e-05)

[node name="Knife_Offhand" parent="Rig/Skeleton3D" index="0"]
transform = Transform3D(-0.00412724, 0.263251, 0.964718, 0.99999, 7.35532e-05, 0.00425856, 0.00105026, 0.964727, -0.263249, 0.510177, 0.636409, -0.019294)
visible = false
bone_idx = 9

[node name="1H_Crossbow" parent="Rig/Skeleton3D" index="1"]
transform = Transform3D(0.988099, -0.15376, -0.00408838, -0.00393096, 0.00132958, -0.999991, 0.153764, 0.988107, 0.000709071, -0.490278, 0.744337, 0.0992411)
visible = false
bone_idx = 15

[node name="2H_Crossbow" parent="Rig/Skeleton3D" index="2"]
transform = Transform3D(0.988099, -0.15376, -0.00408838, -0.00393096, 0.00132958, -0.999991, 0.153764, 0.988107, 0.000709071, -0.490278, 0.744337, 0.0992411)
bone_idx = 16

[node name="Knife" parent="Rig/Skeleton3D" index="3"]
transform = Transform3D(0.00408838, -0.153759, 0.988099, 0.999991, 0.00132972, -0.00393095, -0.00070922, 0.988107, 0.153763, -0.492298, 0.639724, 0.109551)
visible = false
bone_idx = 17

[node name="Throwable" parent="Rig/Skeleton3D" index="4"]
transform = Transform3D(0.0040884, -0.153759, 0.988099, 0.999991, 0.00132974, -0.00393096, -0.000709232, 0.988107, 0.153764, -0.520013, 0.639963, 0.287653)
visible = false
bone_idx = 18

[node name="Rogue_Cape" parent="Rig/Skeleton3D" index="5"]
transform = Transform3D(0.996094, 9.39852e-05, 0.0882974, 0.000158292, 0.999996, -0.00285012, -0.0882973, 0.00285297, 0.99609, 0.000341611, 1.19622, 0.00195963)
bone_idx = 20

[node name="RayCast3D" type="RayCast3D" parent="Rig" index="1"]
transform = Transform3D(-0.999836, -0.00268208, -0.0178738, -0.00272379, 0.999994, 0.00233744, 0.0178671, 0.0023857, -0.999838, 0.407101, 0.974662, -0.972444)
target_position = Vector3(0, 0, -1)

[node name="CollisionShape3D" type="CollisionShape3D" parent="." index="2"]
transform = Transform3D(1, 0, 0, 0, 1, 0, 0, 0, 1, 0, 1.2, 0)
shape = SubResource("CapsuleShape3D_4w0rq")

[node name="camera_point" type="Node3D" parent="." index="3"]
transform = Transform3D(1, 0, 0, 0, 0.308105, 0.951353, 0, -0.951353, 0.308105, 0, 13.4146, 4.93459)

[node name="AnimationTree" type="AnimationTree" parent="." index="4"]
tree_root = SubResource("AnimationNodeStateMachine_0gil4")
anim_player = NodePath("../AnimationPlayer")
active = true
parameters/conditions/run = false
parameters/IWR/blend_position = Vector2(-0.00284898, -0.00636947)

[node name="camera_rig" parent="." index="5" instance=ExtResource("3_nk77k")]
transform = Transform3D(1, 0, 0, 0, 0.308105, 0.951353, 0, -0.951353, 0.308105, 0, 13.4146, 4.93459)
