[gd_scene load_steps=30 format=3 uid="uid://csqg2v0p2s8yw"]

[ext_resource type="PackedScene" uid="uid://db0337ymkwxhu" path="res://assets/KayKit_Adventurers_1.0_FREE/Characters/gltf/Rogue_Hooded.glb" id="1_t2hke"]
[ext_resource type="Script" path="res://player/rogue_hooded.gd" id="2_8mqn1"]
[ext_resource type="PackedScene" uid="uid://cxcn28m8cf2ck" path="res://player/camera_rig.tscn" id="3_nk77k"]

[sub_resource type="CapsuleShape3D" id="CapsuleShape3D_4w0rq"]
height = 2.4

[sub_resource type="AnimationNodeAnimation" id="AnimationNodeAnimation_0y6pn"]
animation = &"2H_Ranged_Aiming"

[sub_resource type="AnimationNodeAnimation" id="AnimationNodeAnimation_qkqfv"]
animation = &"2H_Ranged_Reload"

[sub_resource type="AnimationNodeAnimation" id="AnimationNodeAnimation_fhjde"]
animation = &"2H_Ranged_Shoot"

[sub_resource type="AnimationNodeAnimation" id="AnimationNodeAnimation_ie1x6"]
animation = &"2H_Ranged_Shooting"

[sub_resource type="AnimationNodeAnimation" id="AnimationNodeAnimation_xwdw8"]
animation = &"Death_A"

[sub_resource type="AnimationNodeAnimation" id="AnimationNodeAnimation_evips"]
animation = &"Idle"

[sub_resource type="AnimationNodeAnimation" id="AnimationNodeAnimation_ncn1i"]
animation = &"Running_A"

[sub_resource type="AnimationNodeAnimation" id="AnimationNodeAnimation_an6yn"]
animation = &"Running_B"

[sub_resource type="AnimationNodeAnimation" id="AnimationNodeAnimation_trie0"]
animation = &"Running_Strafe_Left"

[sub_resource type="AnimationNodeAnimation" id="AnimationNodeAnimation_gn6c2"]
animation = &"Running_Strafe_Right"

[sub_resource type="AnimationNodeBlendSpace2D" id="AnimationNodeBlendSpace2D_efsyh"]
blend_point_0/node = SubResource("AnimationNodeAnimation_evips")
blend_point_0/pos = Vector2(0, 0)
blend_point_1/node = SubResource("AnimationNodeAnimation_ncn1i")
blend_point_1/pos = Vector2(0, 1)
blend_point_2/node = SubResource("AnimationNodeAnimation_an6yn")
blend_point_2/pos = Vector2(0, -1)
blend_point_3/node = SubResource("AnimationNodeAnimation_trie0")
blend_point_3/pos = Vector2(-1, 0)
blend_point_4/node = SubResource("AnimationNodeAnimation_gn6c2")
blend_point_4/pos = Vector2(1, 0)

[sub_resource type="AnimationNodeAnimation" id="AnimationNodeAnimation_oq3dv"]
animation = &"Interact"

[sub_resource type="AnimationNodeStateMachineTransition" id="AnimationNodeStateMachineTransition_4dw7a"]
xfade_time = 0.1
advance_mode = 2

[sub_resource type="AnimationNodeStateMachineTransition" id="AnimationNodeStateMachineTransition_e05m0"]
switch_mode = 2
advance_mode = 2

[sub_resource type="AnimationNodeStateMachineTransition" id="AnimationNodeStateMachineTransition_i5qlx"]

[sub_resource type="AnimationNodeStateMachineTransition" id="AnimationNodeStateMachineTransition_oi4nx"]

[sub_resource type="AnimationNodeStateMachineTransition" id="AnimationNodeStateMachineTransition_f07wg"]

[sub_resource type="AnimationNodeStateMachineTransition" id="AnimationNodeStateMachineTransition_c6yaa"]

[sub_resource type="AnimationNodeStateMachineTransition" id="AnimationNodeStateMachineTransition_a7tse"]

[sub_resource type="AnimationNodeStateMachineTransition" id="AnimationNodeStateMachineTransition_fl8cr"]
switch_mode = 2
advance_mode = 2

[sub_resource type="AnimationNodeStateMachineTransition" id="AnimationNodeStateMachineTransition_dd5rs"]
switch_mode = 2
advance_mode = 2

[sub_resource type="AnimationNodeStateMachineTransition" id="AnimationNodeStateMachineTransition_oilyn"]
switch_mode = 2
advance_mode = 2

[sub_resource type="AnimationNodeStateMachineTransition" id="AnimationNodeStateMachineTransition_ybxcs"]
xfade_time = 0.2
switch_mode = 1
advance_mode = 2
advance_condition = &"run"

[sub_resource type="AnimationNodeStateMachineTransition" id="AnimationNodeStateMachineTransition_5yshe"]

[sub_resource type="AnimationNodeStateMachine" id="AnimationNodeStateMachine_0gil4"]
states/2H_Ranged_Aiming/node = SubResource("AnimationNodeAnimation_0y6pn")
states/2H_Ranged_Aiming/position = Vector2(257, -41)
states/2H_Ranged_Reload/node = SubResource("AnimationNodeAnimation_qkqfv")
states/2H_Ranged_Reload/position = Vector2(444, -41)
states/2H_Ranged_Shoot/node = SubResource("AnimationNodeAnimation_fhjde")
states/2H_Ranged_Shoot/position = Vector2(632, -41)
states/2H_Ranged_Shooting/node = SubResource("AnimationNodeAnimation_ie1x6")
states/2H_Ranged_Shooting/position = Vector2(1111, -97)
states/Death_A/node = SubResource("AnimationNodeAnimation_xwdw8")
states/Death_A/position = Vector2(881, 97)
states/End/position = Vector2(993, 111)
states/IWR/node = SubResource("AnimationNodeBlendSpace2D_efsyh")
states/IWR/position = Vector2(558, 146)
states/Interact/node = SubResource("AnimationNodeAnimation_oq3dv")
states/Interact/position = Vector2(77, 74)
states/Start/position = Vector2(-131, 134)
transitions = ["Start", "IWR", SubResource("AnimationNodeStateMachineTransition_4dw7a"), "Interact", "IWR", SubResource("AnimationNodeStateMachineTransition_e05m0"), "IWR", "Interact", SubResource("AnimationNodeStateMachineTransition_i5qlx"), "IWR", "Death_A", SubResource("AnimationNodeStateMachineTransition_oi4nx"), "IWR", "2H_Ranged_Shoot", SubResource("AnimationNodeStateMachineTransition_f07wg"), "IWR", "2H_Ranged_Reload", SubResource("AnimationNodeStateMachineTransition_c6yaa"), "IWR", "2H_Ranged_Aiming", SubResource("AnimationNodeStateMachineTransition_a7tse"), "2H_Ranged_Aiming", "IWR", SubResource("AnimationNodeStateMachineTransition_fl8cr"), "2H_Ranged_Reload", "IWR", SubResource("AnimationNodeStateMachineTransition_dd5rs"), "2H_Ranged_Shoot", "IWR", SubResource("AnimationNodeStateMachineTransition_oilyn"), "2H_Ranged_Shooting", "IWR", SubResource("AnimationNodeStateMachineTransition_ybxcs"), "IWR", "2H_Ranged_Shooting", SubResource("AnimationNodeStateMachineTransition_5yshe")]
graph_offset = Vector2(-205, -104)

[node name="Rogue_Hooded" instance=ExtResource("1_t2hke")]
script = ExtResource("2_8mqn1")

[node name="Skeleton3D" parent="Rig" index="0"]
transform = Transform3D(-1, 0, -8.74228e-08, 0, 1, 0, 8.74228e-08, 0, -1, 0, 0, 0)
bones/0/rotation = Quaternion(-5.13343e-11, 0.00149184, 8.89137e-11, 0.999999)
bones/1/position = Vector3(1.59213e-18, 0.38657, 5.06081e-18)
bones/1/rotation = Quaternion(0.00087533, 0.0427412, -0.000235939, 0.999086)
bones/2/rotation = Quaternion(0.000377882, 0.000436745, 1.89539e-05, 1)
bones/3/rotation = Quaternion(0.000158774, -0.000434332, 0.000254101, 1)
bones/4/position = Vector3(0.212, 0.13406, -0.000351594)
bones/4/rotation = Quaternion(-0.560114, -0.0605206, -0.637969, 0.524981)
bones/5/rotation = Quaternion(1.86494e-08, -4.93158e-08, -0.503591, 0.863942)
bones/7/rotation = Quaternion(-0.322266, -0.326759, 0.146788, 0.876257)
bones/8/rotation = Quaternion(-0.000126484, -2.2695e-05, -0.706388, 0.707825)
bones/10/position = Vector3(-0.211942, 0.134114, 9.18214e-05)
bones/10/rotation = Quaternion(-0.617898, 0.080322, 0.613577, 0.485051)
bones/11/rotation = Quaternion(2.9552e-08, 5.54453e-08, 0.52585, 0.850578)
bones/13/rotation = Quaternion(-0.317901, 0.306266, -0.227244, 0.868044)
bones/14/rotation = Quaternion(-7.43066e-05, 0.0007078, 0.70492, 0.709286)
bones/19/rotation = Quaternion(-0.000405552, -0.0318622, 0.000300541, 0.999492)
bones/21/position = Vector3(0.170945, 0.113587, 0.000162109)
bones/21/rotation = Quaternion(0.993054, 0.0824241, 0.0748411, 0.0380645)
bones/22/rotation = Quaternion(0.261117, 6.48264e-08, -1.81998e-07, 0.965307)
bones/23/rotation = Quaternion(-0.551523, -0.205542, 0.0530198, 0.806699)
bones/24/rotation = Quaternion(-3.05062e-08, 0.920353, -0.391089, 6.94896e-08)
bones/25/position = Vector3(-0.170945, 0.113587, -0.000162082)
bones/25/rotation = Quaternion(0.995907, -0.0302029, 0.0306686, 0.0794818)
bones/26/rotation = Quaternion(0.329441, -6.25722e-08, 2.29283e-07, 0.944176)
bones/27/rotation = Quaternion(-0.583972, 0.11297, -0.0128003, 0.803773)
bones/28/rotation = Quaternion(3.046e-08, 0.920355, -0.391084, -6.94927e-08)
bones/29/position = Vector3(0.170945, 0.292353, 0.575855)
bones/29/rotation = Quaternion(0.707107, -2.29302e-07, -4.60551e-08, 0.707107)
bones/30/position = Vector3(0.201894, 0.0263898, 0.206456)
bones/30/rotation = Quaternion(-0.707546, -7.04887e-08, -7.05727e-08, 0.706667)
bones/31/rotation = Quaternion(9.56973e-09, 1.7633e-09, 0.985981, -0.16686)
bones/32/rotation = Quaternion(-1.04035e-07, 0.391084, 0.920355, -2.9526e-08)
bones/34/rotation = Quaternion(1, -4.13067e-11, 1.94709e-07, 5.30664e-12)
bones/36/position = Vector3(-0.170945, 0.292353, 0.575855)
bones/36/rotation = Quaternion(0.707107, -3.82385e-08, 1.45009e-07, 0.707107)
bones/37/position = Vector3(-0.170945, 0.0265724, 0.241241)
bones/37/rotation = Quaternion(-0.701541, -7.11332e-08, -6.99002e-08, 0.712629)
bones/38/rotation = Quaternion(-5.76172e-09, 6.35838e-10, 0.994905, 0.100821)
bones/39/rotation = Quaternion(-1.04035e-07, 0.391084, 0.920355, -2.95261e-08)
bones/41/rotation = Quaternion(1, 4.44086e-16, 1.94707e-07, 6.87333e-22)
bones/43/position = Vector3(0.455315, 1.10435, -0.587724)
bones/43/rotation = Quaternion(-0.707107, -0.000351676, -0.000351675, 0.707107)
bones/44/position = Vector3(0.520409, 0.787275, -0.0569254)
bones/44/rotation = Quaternion(0.794658, 0.00161667, 0.607055, -0.000272816)
bones/45/position = Vector3(-0.452808, 1.10492, -0.590077)
bones/45/rotation = Quaternion(-0.707107, -0.000351676, -0.000351675, 0.707107)
bones/46/position = Vector3(-0.510873, 0.786839, 0.0603846)
bones/46/rotation = Quaternion(-0.760847, 0.00374347, 0.648921, -0.000116044)

[node name="Knife_Offhand" parent="Rig/Skeleton3D" index="0"]
transform = Transform3D(-0.00418887, 0.263153, 0.964744, 0.99999, 0.00022564, 0.00428077, 0.000909105, 0.964753, -0.263152, 0.510218, 0.636662, -0.0194145)
visible = false
bone_idx = 9

[node name="1H_Crossbow" parent="Rig/Skeleton3D" index="1"]
transform = Transform3D(0.988129, -0.153562, -0.00429236, -0.00409719, 0.00159036, -0.99999, 0.153567, 0.988137, 0.000942123, -0.490274, 0.744574, 0.0992734)
visible = false
bone_idx = 15

[node name="2H_Crossbow" parent="Rig/Skeleton3D" index="2"]
transform = Transform3D(0.988129, -0.153562, -0.00429236, -0.00409719, 0.00159036, -0.99999, 0.153567, 0.988137, 0.000942123, -0.490274, 0.744574, 0.0992734)
bone_idx = 16

[node name="Knife" parent="Rig/Skeleton3D" index="3"]
transform = Transform3D(0.00429236, -0.153561, 0.988129, 0.99999, 0.00159051, -0.00409717, -0.000942272, 0.988137, 0.153567, -0.492314, 0.639963, 0.109608)
visible = false
bone_idx = 17

[node name="Throwable" parent="Rig/Skeleton3D" index="4"]
transform = Transform3D(0.00429238, -0.153561, 0.988129, 0.99999, 0.00159053, -0.00409718, -0.000942284, 0.988137, 0.153567, -0.519993, 0.64025, 0.287715)
visible = false
bone_idx = 18

[node name="Rogue_Cape" parent="Rig/Skeleton3D" index="5"]
transform = Transform3D(0.996087, 0.000102799, 0.0883805, 0.00014903, 0.999996, -0.00284278, -0.0883804, 0.00284482, 0.996083, 0.000348656, 1.19678, 0.00195483)
bone_idx = 20

[node name="RayCast3D" type="RayCast3D" parent="Rig" index="1"]
transform = Transform3D(-0.999836, -0.00268208, -0.0178738, -0.00272379, 0.999994, 0.00233744, 0.0178671, 0.0023857, -0.999838, 0.407101, 0.974662, -0.972444)
target_position = Vector3(0, 0, -1)

[node name="CollisionShape3D" type="CollisionShape3D" parent="." index="2"]
transform = Transform3D(1, 0, 0, 0, 1, 0, 0, 0, 1, 0, 1.2, 0)
shape = SubResource("CapsuleShape3D_4w0rq")

[node name="camera_point" type="Node3D" parent="." index="3"]
transform = Transform3D(1, 0, 0, 0, 0.308105, 0.951353, 0, -0.951353, 0.308105, 0, 13.4146, 4.93459)

[node name="AnimationTree" type="AnimationTree" parent="." index="4"]
tree_root = SubResource("AnimationNodeStateMachine_0gil4")
anim_player = NodePath("../AnimationPlayer")
active = true
parameters/conditions/run = false
parameters/IWR/blend_position = Vector2(-0.00284898, -0.00636947)

[node name="camera_rig" parent="." index="5" instance=ExtResource("3_nk77k")]
transform = Transform3D(1, 0, 0, 0, 0.308105, 0.951353, 0, -0.951353, 0.308105, 0, 13.4146, 4.93459)
