[gd_scene load_steps=31 format=3 uid="uid://csqg2v0p2s8yw"]

[ext_resource type="PackedScene" uid="uid://db0337ymkwxhu" path="res://assets/KayKit_Adventurers_1.0_FREE/Characters/gltf/Rogue_Hooded.glb" id="1_t2hke"]
[ext_resource type="Script" path="res://player/rogue_hooded.gd" id="2_8mqn1"]
[ext_resource type="PackedScene" uid="uid://cxcn28m8cf2ck" path="res://player/camera_rig.tscn" id="3_nk77k"]
[ext_resource type="PackedScene" uid="uid://ds52ra1i0aaov" path="res://transition/transition.tscn" id="4_k44pw"]

[sub_resource type="CapsuleShape3D" id="CapsuleShape3D_4w0rq"]
height = 2.4

[sub_resource type="AnimationNodeAnimation" id="AnimationNodeAnimation_0y6pn"]
animation = &"2H_Ranged_Aiming"

[sub_resource type="AnimationNodeAnimation" id="AnimationNodeAnimation_qkqfv"]
animation = &"2H_Ranged_Reload"

[sub_resource type="AnimationNodeAnimation" id="AnimationNodeAnimation_fhjde"]
animation = &"2H_Ranged_Shoot"

[sub_resource type="AnimationNodeAnimation" id="AnimationNodeAnimation_ie1x6"]
animation = &"2H_Ranged_Shooting"

[sub_resource type="AnimationNodeAnimation" id="AnimationNodeAnimation_xwdw8"]
animation = &"Death_A"

[sub_resource type="AnimationNodeAnimation" id="AnimationNodeAnimation_evips"]
animation = &"Idle"

[sub_resource type="AnimationNodeAnimation" id="AnimationNodeAnimation_ncn1i"]
animation = &"Running_A"

[sub_resource type="AnimationNodeAnimation" id="AnimationNodeAnimation_an6yn"]
animation = &"Running_B"

[sub_resource type="AnimationNodeAnimation" id="AnimationNodeAnimation_trie0"]
animation = &"Running_Strafe_Left"

[sub_resource type="AnimationNodeAnimation" id="AnimationNodeAnimation_gn6c2"]
animation = &"Running_Strafe_Right"

[sub_resource type="AnimationNodeBlendSpace2D" id="AnimationNodeBlendSpace2D_efsyh"]
blend_point_0/node = SubResource("AnimationNodeAnimation_evips")
blend_point_0/pos = Vector2(0, 0)
blend_point_1/node = SubResource("AnimationNodeAnimation_ncn1i")
blend_point_1/pos = Vector2(0, 1)
blend_point_2/node = SubResource("AnimationNodeAnimation_an6yn")
blend_point_2/pos = Vector2(0, -1)
blend_point_3/node = SubResource("AnimationNodeAnimation_trie0")
blend_point_3/pos = Vector2(-1, 0)
blend_point_4/node = SubResource("AnimationNodeAnimation_gn6c2")
blend_point_4/pos = Vector2(1, 0)

[sub_resource type="AnimationNodeAnimation" id="AnimationNodeAnimation_oq3dv"]
animation = &"Interact"

[sub_resource type="AnimationNodeStateMachineTransition" id="AnimationNodeStateMachineTransition_4dw7a"]
xfade_time = 0.1
advance_mode = 2

[sub_resource type="AnimationNodeStateMachineTransition" id="AnimationNodeStateMachineTransition_e05m0"]
switch_mode = 2
advance_mode = 2

[sub_resource type="AnimationNodeStateMachineTransition" id="AnimationNodeStateMachineTransition_i5qlx"]

[sub_resource type="AnimationNodeStateMachineTransition" id="AnimationNodeStateMachineTransition_oi4nx"]
advance_mode = 2
advance_condition = &"die"

[sub_resource type="AnimationNodeStateMachineTransition" id="AnimationNodeStateMachineTransition_f07wg"]

[sub_resource type="AnimationNodeStateMachineTransition" id="AnimationNodeStateMachineTransition_c6yaa"]

[sub_resource type="AnimationNodeStateMachineTransition" id="AnimationNodeStateMachineTransition_a7tse"]

[sub_resource type="AnimationNodeStateMachineTransition" id="AnimationNodeStateMachineTransition_fl8cr"]
switch_mode = 2
advance_mode = 2

[sub_resource type="AnimationNodeStateMachineTransition" id="AnimationNodeStateMachineTransition_dd5rs"]
switch_mode = 2
advance_mode = 2

[sub_resource type="AnimationNodeStateMachineTransition" id="AnimationNodeStateMachineTransition_oilyn"]
switch_mode = 2
advance_mode = 2

[sub_resource type="AnimationNodeStateMachineTransition" id="AnimationNodeStateMachineTransition_ybxcs"]
xfade_time = 0.2
switch_mode = 1
advance_mode = 2
advance_condition = &"run"

[sub_resource type="AnimationNodeStateMachineTransition" id="AnimationNodeStateMachineTransition_5yshe"]

[sub_resource type="AnimationNodeStateMachine" id="AnimationNodeStateMachine_0gil4"]
states/2H_Ranged_Aiming/node = SubResource("AnimationNodeAnimation_0y6pn")
states/2H_Ranged_Aiming/position = Vector2(257, -41)
states/2H_Ranged_Reload/node = SubResource("AnimationNodeAnimation_qkqfv")
states/2H_Ranged_Reload/position = Vector2(444, -41)
states/2H_Ranged_Shoot/node = SubResource("AnimationNodeAnimation_fhjde")
states/2H_Ranged_Shoot/position = Vector2(632, -41)
states/2H_Ranged_Shooting/node = SubResource("AnimationNodeAnimation_ie1x6")
states/2H_Ranged_Shooting/position = Vector2(1111, -97)
states/Death_A/node = SubResource("AnimationNodeAnimation_xwdw8")
states/Death_A/position = Vector2(881, 97)
states/End/position = Vector2(993, 111)
states/IWR/node = SubResource("AnimationNodeBlendSpace2D_efsyh")
states/IWR/position = Vector2(558, 146)
states/Interact/node = SubResource("AnimationNodeAnimation_oq3dv")
states/Interact/position = Vector2(77, 74)
states/Start/position = Vector2(-131, 134)
transitions = ["Start", "IWR", SubResource("AnimationNodeStateMachineTransition_4dw7a"), "Interact", "IWR", SubResource("AnimationNodeStateMachineTransition_e05m0"), "IWR", "Interact", SubResource("AnimationNodeStateMachineTransition_i5qlx"), "IWR", "Death_A", SubResource("AnimationNodeStateMachineTransition_oi4nx"), "IWR", "2H_Ranged_Shoot", SubResource("AnimationNodeStateMachineTransition_f07wg"), "IWR", "2H_Ranged_Reload", SubResource("AnimationNodeStateMachineTransition_c6yaa"), "IWR", "2H_Ranged_Aiming", SubResource("AnimationNodeStateMachineTransition_a7tse"), "2H_Ranged_Aiming", "IWR", SubResource("AnimationNodeStateMachineTransition_fl8cr"), "2H_Ranged_Reload", "IWR", SubResource("AnimationNodeStateMachineTransition_dd5rs"), "2H_Ranged_Shoot", "IWR", SubResource("AnimationNodeStateMachineTransition_oilyn"), "2H_Ranged_Shooting", "IWR", SubResource("AnimationNodeStateMachineTransition_ybxcs"), "IWR", "2H_Ranged_Shooting", SubResource("AnimationNodeStateMachineTransition_5yshe")]
graph_offset = Vector2(-203, -132)

[node name="Rogue_Hooded" instance=ExtResource("1_t2hke")]
script = ExtResource("2_8mqn1")

[node name="Skeleton3D" parent="Rig" index="0"]
transform = Transform3D(-1, 0, -8.74228e-08, 0, 1, 0, 8.74228e-08, 0, -1, 0, 0, 0)
bones/0/rotation = Quaternion(-5.13343e-11, 0.00149184, 8.89136e-11, 0.999999)
bones/1/position = Vector3(-4.13177e-18, 0.387637, -9.8509e-25)
bones/1/rotation = Quaternion(0.000880051, 0.0427411, -0.000236134, 0.999086)
bones/2/rotation = Quaternion(0.000397235, -0.000334006, 6.94525e-05, 1)
bones/3/rotation = Quaternion(0.000218462, -0.000450945, 0.000168526, 1)
bones/4/position = Vector3(0.211936, 0.134031, -0.000314082)
bones/4/rotation = Quaternion(-0.560669, -0.060303, -0.637672, 0.524774)
bones/5/rotation = Quaternion(2.91911e-08, -5.45965e-08, -0.502198, 0.864753)
bones/7/rotation = Quaternion(-0.322466, -0.326536, 0.145976, 0.876403)
bones/8/rotation = Quaternion(-0.000151999, 0.000107448, -0.706383, 0.70783)
bones/10/position = Vector3(-0.212006, 0.134142, 5.43102e-05)
bones/10/rotation = Quaternion(-0.618078, 0.0811162, 0.614544, 0.483461)
bones/11/rotation = Quaternion(2.5057e-08, 5.06741e-08, 0.52436, 0.851497)
bones/13/rotation = Quaternion(-0.317875, 0.305355, -0.226999, 0.868438)
bones/14/rotation = Quaternion(7.64411e-06, 0.000702356, 0.704976, 0.709231)
bones/19/rotation = Quaternion(-0.000352146, -0.0311325, 0.000250557, 0.999515)
bones/21/position = Vector3(0.170945, 0.113587, -0.000348334)
bones/21/rotation = Quaternion(0.993276, 0.0825148, 0.0743711, 0.0325912)
bones/22/rotation = Quaternion(0.251216, 6.39519e-08, -1.75537e-07, 0.967931)
bones/23/rotation = Quaternion(-0.544776, -0.205994, 0.0515318, 0.811252)
bones/24/rotation = Quaternion(-3.04704e-08, 0.920311, -0.391188, 6.94796e-08)
bones/25/position = Vector3(-0.170945, 0.113587, 0.000348361)
bones/25/rotation = Quaternion(0.996089, -0.0299836, 0.0307809, 0.0771988)
bones/26/rotation = Quaternion(0.318979, -6.33601e-08, 2.21862e-07, 0.947762)
bones/27/rotation = Quaternion(-0.580258, 0.113206, -0.0119198, 0.806439)
bones/28/rotation = Quaternion(3.04558e-08, 0.920355, -0.391084, -6.94948e-08)
bones/29/position = Vector3(0.170945, 0.292316, 0.575818)
bones/29/rotation = Quaternion(0.707107, -2.29302e-07, -4.60551e-08, 0.707107)
bones/30/position = Vector3(0.201894, 0.026172, 0.203503)
bones/30/rotation = Quaternion(-0.704953, -7.07663e-08, -7.03262e-08, 0.709254)
bones/31/rotation = Quaternion(9.56973e-09, 1.7633e-09, 0.985981, -0.16686)
bones/32/rotation = Quaternion(-1.04035e-07, 0.391084, 0.920355, -2.9526e-08)
bones/34/rotation = Quaternion(1, -4.13066e-11, 1.94709e-07, 5.30663e-12)
bones/36/position = Vector3(-0.170945, 0.292316, 0.575818)
bones/36/rotation = Quaternion(0.707107, -3.82385e-08, 1.45009e-07, 0.707107)
bones/37/position = Vector3(-0.170945, 0.0271195, 0.244405)
bones/37/rotation = Quaternion(-0.70455, -7.08275e-08, -7.02331e-08, 0.709654)
bones/38/rotation = Quaternion(-5.76172e-09, 6.35838e-10, 0.994905, 0.100821)
bones/39/rotation = Quaternion(-1.04035e-07, 0.391084, 0.920355, -2.95261e-08)
bones/41/rotation = Quaternion(1, 4.44086e-16, 1.94707e-07, 6.87333e-22)
bones/43/position = Vector3(0.455315, 1.10435, -0.587724)
bones/43/rotation = Quaternion(-0.707107, -0.000351675, -0.000351675, 0.707107)
bones/44/position = Vector3(0.520409, 0.787824, -0.0568017)
bones/44/rotation = Quaternion(0.79474, 0.00172882, 0.606947, -0.000186055)
bones/45/position = Vector3(-0.452808, 1.10492, -0.590077)
bones/45/rotation = Quaternion(-0.707107, -0.000351675, -0.000351675, 0.707107)
bones/46/position = Vector3(-0.510873, 0.787429, 0.0602609)
bones/46/rotation = Quaternion(-0.760768, 0.0035999, 0.649014, -5.79844e-05)

[node name="Knife_Offhand" parent="Rig/Skeleton3D" index="0"]
transform = Transform3D(-0.00464317, 0.263652, 0.964606, 0.999987, -0.000119477, 0.00484642, 0.00139335, 0.964617, -0.263649, 0.510612, 0.637467, -0.0196708)
visible = false
bone_idx = 9

[node name="1H_Crossbow" parent="Rig/Skeleton3D" index="1"]
transform = Transform3D(0.988105, -0.153727, -0.0038998, -0.00364868, 0.00191769, -0.999991, 0.153734, 0.988111, 0.00133375, -0.490288, 0.744942, 0.0990907)
visible = false
bone_idx = 15

[node name="2H_Crossbow" parent="Rig/Skeleton3D" index="2"]
transform = Transform3D(0.988105, -0.153727, -0.0038998, -0.00364868, 0.00191769, -0.999991, 0.153734, 0.988111, 0.00133375, -0.490288, 0.744942, 0.0990907)
bone_idx = 16

[node name="Knife" parent="Rig/Skeleton3D" index="3"]
transform = Transform3D(0.00389981, -0.153727, 0.988105, 0.999991, 0.00191784, -0.00364867, -0.0013339, 0.988111, 0.153733, -0.492289, 0.640335, 0.109466)
visible = false
bone_idx = 17

[node name="Throwable" parent="Rig/Skeleton3D" index="4"]
transform = Transform3D(0.00389982, -0.153727, 0.988105, 0.999991, 0.00191786, -0.00364868, -0.00133391, 0.988111, 0.153733, -0.519997, 0.640681, 0.287569)
visible = false
bone_idx = 18

[node name="Rogue_Cape" parent="Rig/Skeleton3D" index="5"]
transform = Transform3D(0.996225, 0.000186191, 0.0868116, 7.53771e-05, 0.999995, -0.00300977, -0.0868118, 0.00300495, 0.99622, 0.00033274, 1.19784, 0.00201691)
bone_idx = 20

[node name="RayCast3D" type="RayCast3D" parent="Rig" index="1"]
transform = Transform3D(-0.999836, -0.00268208, -0.0178738, -0.00272379, 0.999994, 0.00233744, 0.0178671, 0.0023857, -0.999838, 0.407101, 0.974662, -0.64889)
target_position = Vector3(0, 0, -1)

[node name="CollisionShape3D" type="CollisionShape3D" parent="." index="2"]
transform = Transform3D(1, 0, 0, 0, 1, 0, 0, 0, 1, 0, 1.2, 0)
shape = SubResource("CapsuleShape3D_4w0rq")

[node name="camera_point" type="Node3D" parent="." index="3"]
transform = Transform3D(1, 0, 0, 0, 0.308105, 0.951353, 0, -0.951353, 0.308105, 0, 13.4146, 4.93459)

[node name="AnimationTree" type="AnimationTree" parent="." index="4"]
tree_root = SubResource("AnimationNodeStateMachine_0gil4")
anim_player = NodePath("../AnimationPlayer")
active = true
parameters/conditions/die = false
parameters/conditions/run = false
parameters/IWR/blend_position = Vector2(-0.00284898, -0.00636947)

[node name="camera_rig" parent="." index="5" instance=ExtResource("3_nk77k")]
transform = Transform3D(1, 0, 0, 0, 0.308105, 0.951353, 0, -0.951353, 0.308105, 0, 13.4146, 4.93459)

[node name="Transition" parent="." index="6" instance=ExtResource("4_k44pw")]
