[gd_scene load_steps=30 format=3 uid="uid://csqg2v0p2s8yw"]

[ext_resource type="PackedScene" uid="uid://db0337ymkwxhu" path="res://assets/KayKit_Adventurers_1.0_FREE/Characters/gltf/Rogue_Hooded.glb" id="1_t2hke"]
[ext_resource type="Script" path="res://player/rogue_hooded.gd" id="2_8mqn1"]
[ext_resource type="PackedScene" uid="uid://cxcn28m8cf2ck" path="res://player/camera_rig.tscn" id="3_nk77k"]

[sub_resource type="CapsuleShape3D" id="CapsuleShape3D_4w0rq"]
height = 2.4

[sub_resource type="AnimationNodeAnimation" id="AnimationNodeAnimation_0y6pn"]
animation = &"2H_Ranged_Aiming"

[sub_resource type="AnimationNodeAnimation" id="AnimationNodeAnimation_qkqfv"]
animation = &"2H_Ranged_Reload"

[sub_resource type="AnimationNodeAnimation" id="AnimationNodeAnimation_fhjde"]
animation = &"2H_Ranged_Shoot"

[sub_resource type="AnimationNodeAnimation" id="AnimationNodeAnimation_ie1x6"]
animation = &"2H_Ranged_Shooting"

[sub_resource type="AnimationNodeAnimation" id="AnimationNodeAnimation_xwdw8"]
animation = &"Death_A"

[sub_resource type="AnimationNodeAnimation" id="AnimationNodeAnimation_ftntg"]
animation = &"Idle"

[sub_resource type="AnimationNodeAnimation" id="AnimationNodeAnimation_rco1e"]
animation = &"Running_A"

[sub_resource type="AnimationNodeAnimation" id="AnimationNodeAnimation_opwcl"]
animation = &"Running_B"

[sub_resource type="AnimationNodeAnimation" id="AnimationNodeAnimation_ts1oq"]
animation = &"Running_Strafe_Left"

[sub_resource type="AnimationNodeAnimation" id="AnimationNodeAnimation_ukadp"]
animation = &"Running_Strafe_Right"

[sub_resource type="AnimationNodeBlendSpace2D" id="AnimationNodeBlendSpace2D_efsyh"]
blend_point_0/node = SubResource("AnimationNodeAnimation_ftntg")
blend_point_0/pos = Vector2(0, 0)
blend_point_1/node = SubResource("AnimationNodeAnimation_rco1e")
blend_point_1/pos = Vector2(0, 1)
blend_point_2/node = SubResource("AnimationNodeAnimation_opwcl")
blend_point_2/pos = Vector2(0, -1)
blend_point_3/node = SubResource("AnimationNodeAnimation_ts1oq")
blend_point_3/pos = Vector2(-1, 0)
blend_point_4/node = SubResource("AnimationNodeAnimation_ukadp")
blend_point_4/pos = Vector2(1, 0)

[sub_resource type="AnimationNodeAnimation" id="AnimationNodeAnimation_oq3dv"]
animation = &"Interact"

[sub_resource type="AnimationNodeStateMachineTransition" id="AnimationNodeStateMachineTransition_4dw7a"]
xfade_time = 0.1
advance_mode = 2

[sub_resource type="AnimationNodeStateMachineTransition" id="AnimationNodeStateMachineTransition_e05m0"]
switch_mode = 2
advance_mode = 2

[sub_resource type="AnimationNodeStateMachineTransition" id="AnimationNodeStateMachineTransition_i5qlx"]

[sub_resource type="AnimationNodeStateMachineTransition" id="AnimationNodeStateMachineTransition_oi4nx"]

[sub_resource type="AnimationNodeStateMachineTransition" id="AnimationNodeStateMachineTransition_ldrdl"]

[sub_resource type="AnimationNodeStateMachineTransition" id="AnimationNodeStateMachineTransition_hxdq2"]
switch_mode = 2
advance_mode = 2

[sub_resource type="AnimationNodeStateMachineTransition" id="AnimationNodeStateMachineTransition_f07wg"]

[sub_resource type="AnimationNodeStateMachineTransition" id="AnimationNodeStateMachineTransition_c6yaa"]

[sub_resource type="AnimationNodeStateMachineTransition" id="AnimationNodeStateMachineTransition_a7tse"]

[sub_resource type="AnimationNodeStateMachineTransition" id="AnimationNodeStateMachineTransition_fl8cr"]
switch_mode = 2
advance_mode = 2

[sub_resource type="AnimationNodeStateMachineTransition" id="AnimationNodeStateMachineTransition_dd5rs"]
switch_mode = 2
advance_mode = 2

[sub_resource type="AnimationNodeStateMachineTransition" id="AnimationNodeStateMachineTransition_oilyn"]
switch_mode = 2
advance_mode = 2

[sub_resource type="AnimationNodeStateMachine" id="AnimationNodeStateMachine_0gil4"]
states/2H_Ranged_Aiming/node = SubResource("AnimationNodeAnimation_0y6pn")
states/2H_Ranged_Aiming/position = Vector2(257, -41)
states/2H_Ranged_Reload/node = SubResource("AnimationNodeAnimation_qkqfv")
states/2H_Ranged_Reload/position = Vector2(444, -41)
states/2H_Ranged_Shoot/node = SubResource("AnimationNodeAnimation_fhjde")
states/2H_Ranged_Shoot/position = Vector2(632, -41)
states/2H_Ranged_Shooting/node = SubResource("AnimationNodeAnimation_ie1x6")
states/2H_Ranged_Shooting/position = Vector2(828, -41)
states/Death_A/node = SubResource("AnimationNodeAnimation_xwdw8")
states/Death_A/position = Vector2(828, 58)
states/End/position = Vector2(993, 111)
states/IWR/node = SubResource("AnimationNodeBlendSpace2D_efsyh")
states/IWR/position = Vector2(600, 100)
states/Interact/node = SubResource("AnimationNodeAnimation_oq3dv")
states/Interact/position = Vector2(444, 46)
transitions = ["Start", "IWR", SubResource("AnimationNodeStateMachineTransition_4dw7a"), "Interact", "IWR", SubResource("AnimationNodeStateMachineTransition_e05m0"), "IWR", "Interact", SubResource("AnimationNodeStateMachineTransition_i5qlx"), "IWR", "Death_A", SubResource("AnimationNodeStateMachineTransition_oi4nx"), "IWR", "2H_Ranged_Shooting", SubResource("AnimationNodeStateMachineTransition_ldrdl"), "2H_Ranged_Shooting", "IWR", SubResource("AnimationNodeStateMachineTransition_hxdq2"), "IWR", "2H_Ranged_Shoot", SubResource("AnimationNodeStateMachineTransition_f07wg"), "IWR", "2H_Ranged_Reload", SubResource("AnimationNodeStateMachineTransition_c6yaa"), "IWR", "2H_Ranged_Aiming", SubResource("AnimationNodeStateMachineTransition_a7tse"), "2H_Ranged_Aiming", "IWR", SubResource("AnimationNodeStateMachineTransition_fl8cr"), "2H_Ranged_Reload", "IWR", SubResource("AnimationNodeStateMachineTransition_dd5rs"), "2H_Ranged_Shoot", "IWR", SubResource("AnimationNodeStateMachineTransition_oilyn")]
graph_offset = Vector2(-201, -108)

[node name="Rogue_Hooded" instance=ExtResource("1_t2hke")]
script = ExtResource("2_8mqn1")

[node name="Skeleton3D" parent="Rig" index="0"]
transform = Transform3D(-1, 0, -8.74228e-08, 0, 1, 0, 8.74228e-08, 0, -1, 0, 0, 0)
bones/0/position = Vector3(0, 0.000102058, 0)
bones/0/rotation = Quaternion(-3.49422e-11, 0.0010155, 6.05216e-11, 1)
bones/1/position = Vector3(-2.07291e-18, 0.368713, -4.94221e-25)
bones/1/rotation = Quaternion(0.000390574, 0.0429675, -0.00015189, 0.999076)
bones/2/rotation = Quaternion(0.000501275, 0.000207332, 6.48879e-05, 1)
bones/3/rotation = Quaternion(0.000195375, -0.000289965, 0.000202128, 1)
bones/4/position = Vector3(0.212006, 0.134092, -0.000201115)
bones/4/rotation = Quaternion(-0.551994, -0.0573805, -0.638197, 0.533587)
bones/5/rotation = Quaternion(2.58119e-08, -5.83122e-08, -0.515329, 0.856993)
bones/7/rotation = Quaternion(-0.31981, -0.33922, 0.148601, 0.872106)
bones/8/rotation = Quaternion(0.000915196, 0.0013321, -0.702264, 0.711914)
bones/10/position = Vector3(-0.211904, 0.134041, -0.000173564)
bones/10/rotation = Quaternion(-0.610565, 0.0777204, 0.613287, 0.495024)
bones/11/rotation = Quaternion(4.28904e-08, 4.32124e-08, 0.536658, 0.8438)
bones/13/rotation = Quaternion(-0.31918, 0.315935, -0.229392, 0.863533)
bones/14/rotation = Quaternion(0.00312114, 0.00413668, 0.702539, 0.711626)
bones/19/rotation = Quaternion(-0.000557097, -0.0316751, 0.00013939, 0.999498)
bones/21/position = Vector3(0.170945, 0.113587, 0.000408669)
bones/21/rotation = Quaternion(0.989235, 0.0834159, 0.0787813, 0.090828)
bones/22/rotation = Quaternion(0.399823, 5.92325e-08, -2.73127e-07, 0.916592)
bones/23/rotation = Quaternion(-0.624305, -0.19973, 0.0772685, 0.751253)
bones/24/rotation = Quaternion(-3.05033e-08, 0.920355, -0.391084, 6.94993e-08)
bones/25/position = Vector3(-0.170945, 0.113587, -0.000408642)
bones/25/rotation = Quaternion(0.99123, -0.033319, 0.029603, 0.124402)
bones/26/rotation = Quaternion(0.444643, -5.91544e-08, 3.11977e-07, 0.895708)
bones/27/rotation = Quaternion(-0.648342, 0.111813, -0.0239165, 0.752714)
bones/28/rotation = Quaternion(3.0294e-08, 0.920331, -0.39114, -6.94421e-08)
bones/29/position = Vector3(0.170945, 0.292326, 0.575828)
bones/29/rotation = Quaternion(0.707107, -2.29302e-07, -4.60551e-08, 0.707107)
bones/30/position = Vector3(0.202054, 0.0273176, 0.206797)
bones/30/rotation = Quaternion(-0.708357, -7.03942e-08, -7.06795e-08, 0.705854)
bones/31/rotation = Quaternion(9.61862e-09, 1.77231e-09, 0.985836, -0.167712)
bones/32/rotation = Quaternion(-1.04035e-07, 0.391084, 0.920355, -2.9526e-08)
bones/34/rotation = Quaternion(1, -2.81175e-11, 1.94709e-07, 3.61211e-12)
bones/36/position = Vector3(-0.170945, 0.292326, 0.575828)
bones/36/rotation = Quaternion(0.707107, -3.82385e-08, 1.45009e-07, 0.707107)
bones/37/position = Vector3(-0.170945, 0.0264498, 0.242831)
bones/37/rotation = Quaternion(-0.704239, -7.08344e-08, -7.02208e-08, 0.709963)
bones/38/rotation = Quaternion(-5.79801e-09, 6.39775e-10, 0.994852, 0.10134)
bones/39/rotation = Quaternion(-1.04035e-07, 0.391084, 0.920355, -2.95261e-08)
bones/41/rotation = Quaternion(1, 4.44086e-16, 1.94707e-07, 6.90238e-22)
bones/43/position = Vector3(0.454738, 1.10555, -0.58787)
bones/43/rotation = Quaternion(-0.707107, -0.000239401, -0.000239401, 0.707107)
bones/44/position = Vector3(0.520563, 0.773283, -0.0561235)
bones/44/rotation = Quaternion(0.795285, 0.00208966, 0.606232, 0.000716635)
bones/45/position = Vector3(-0.453031, 1.10594, -0.589472)
bones/45/rotation = Quaternion(-0.707107, -0.000239401, -0.000239401, 0.707107)
bones/46/position = Vector3(-0.510859, 0.773283, 0.0596814)
bones/46/rotation = Quaternion(-0.759368, 0.0016558, 0.65066, 4.3133e-05)

[node name="Knife_Offhand" parent="Rig/Skeleton3D" index="0"]
transform = Transform3D(-0.00261092, 0.264081, 0.964496, 0.999932, -0.0102387, 0.00551054, 0.0113307, 0.964446, -0.264036, 0.507895, 0.622375, -0.0168539)
visible = false
bone_idx = 9

[node name="1H_Crossbow" parent="Rig/Skeleton3D" index="1"]
transform = Transform3D(0.986883, -0.161431, 0.000581782, -0.000867924, -0.00890763, -0.999959, 0.16143, 0.986843, -0.00893134, -0.489457, 0.731385, 0.0995699)
visible = false
bone_idx = 15

[node name="2H_Crossbow" parent="Rig/Skeleton3D" index="2"]
transform = Transform3D(0.986883, -0.161431, 0.000581782, -0.000867924, -0.00890763, -0.999959, 0.16143, 0.986843, -0.00893134, -0.489457, 0.731385, 0.0995699)
bone_idx = 16

[node name="RayCast3D" type="RayCast3D" parent="Rig/Skeleton3D/2H_Crossbow" index="1"]
transform = Transform3D(0.950303, -0.311328, 0.00151263, -0.311331, -0.950283, 0.00615064, -0.00047762, -0.00631582, -0.999981, 0.00319785, 0.00366245, 1.03267)
target_position = Vector3(0, 0, -1)

[node name="Knife" parent="Rig/Skeleton3D" index="3"]
transform = Transform3D(-0.000581776, -0.161431, 0.986883, 0.999959, -0.00890748, -0.000867903, 0.0089312, 0.986843, 0.161429, -0.491069, 0.626669, 0.108858)
visible = false
bone_idx = 17

[node name="Throwable" parent="Rig/Skeleton3D" index="4"]
transform = Transform3D(-0.000581761, -0.161431, 0.986883, 0.999959, -0.00890746, -0.000867918, 0.00893118, 0.986843, 0.16143, -0.520166, 0.625063, 0.286732)
visible = false
bone_idx = 18

[node name="Rogue_Cape" parent="Rig/Skeleton3D" index="5"]
transform = Transform3D(0.996146, -7.06412e-05, 0.0877139, 0.000263478, 0.999997, -0.0021869, -0.0877135, 0.00220158, 0.996143, 0.000159443, 1.17902, 0.00134898)
bone_idx = 20

[node name="CollisionShape3D" type="CollisionShape3D" parent="." index="2"]
transform = Transform3D(1, 0, 0, 0, 1, 0, 0, 0, 1, 0, 1.2, 0)
shape = SubResource("CapsuleShape3D_4w0rq")

[node name="camera_point" type="Node3D" parent="." index="3"]
transform = Transform3D(1, 0, 0, 0, 0.308105, 0.951353, 0, -0.951353, 0.308105, 0, 13.4146, 4.93459)

[node name="AnimationTree" type="AnimationTree" parent="." index="4"]
tree_root = SubResource("AnimationNodeStateMachine_0gil4")
anim_player = NodePath("../AnimationPlayer")
active = true
parameters/IWR/blend_position = Vector2(-0.00193924, 0.00216913)

[node name="camera_rig" parent="." index="5" instance=ExtResource("3_nk77k")]
transform = Transform3D(1, 0, 0, 0, 0.308105, 0.951353, 0, -0.951353, 0.308105, 0, 13.4146, 4.93459)
